16:27: I'm 7 and want a token for the 1 time.
	 LN : [0. 0. 0. 0. 0. 0. 0. 0. 0. 0. 0. 0. 0. 0. 0. 0. 0. 0. 0. 0.]
	 RN : [1. 0. 0. 1. 0. 0. 1. 1. 1. 1. 1. 1. 0. 0. 0. 1. 0. 1. 0. 0.]
	 Queue Understanding : deque([])
16:47: I'm 7 and I got a token.
	 LN : [0. 0. 0. 0. 0. 0. 0. 0. 0. 0. 0. 0. 0. 0. 0. 0. 0. 0. 0. 0.]
	 RN : [2. 2. 2. 2. 2. 2. 1. 1. 1. 1. 1. 1. 1. 1. 1. 1. 1. 1. 1. 1.]
	 Queue Understanding : deque([])
16:47: I am 7 and execute 1 CS.
	 LN : [1. 1. 1. 1. 1. 1. 1. 0. 0. 0. 0. 0. 0. 0. 0. 0. 0. 0. 0. 0.]
	 RN : [2. 2. 2. 2. 2. 2. 1. 1. 1. 1. 1. 1. 1. 1. 1. 1. 1. 1. 1. 1.]
	 Queue Understanding : deque([8, 9, 10, 11, 12, 13, 14, 15, 16, 17, 18, 19, 0, 1, 2, 3])
16:50: I'm 7 and finished 1 CS.
	 LN : [1. 1. 1. 1. 1. 1. 1. 0. 0. 0. 0. 0. 0. 0. 0. 0. 0. 0. 0. 0.]
	 RN : [2. 2. 2. 2. 2. 2. 1. 1. 1. 1. 1. 1. 1. 1. 1. 1. 1. 1. 1. 1.]
	 Queue Understanding : deque([8, 9, 10, 11, 12, 13, 14, 15, 16, 17, 18, 19, 0, 1, 2, 3])
16:50: I'm 7 and it adds 4 to the queue. Queue after adding: deque([8, 9, 10, 11, 12, 13, 14, 15, 16, 17, 18, 19, 0, 1, 2, 3, 4]).
	 LN : [1. 1. 1. 1. 1. 1. 1. 1. 0. 0. 0. 0. 0. 0. 0. 0. 0. 0. 0. 0.]
	 RN : [2. 2. 2. 2. 2. 2. 1. 1. 1. 1. 1. 1. 1. 1. 1. 1. 1. 1. 1. 1.]
	 Queue Understanding : deque([8, 9, 10, 11, 12, 13, 14, 15, 16, 17, 18, 19, 0, 1, 2, 3, 4])
16:50: I'm 7 and it adds 5 to the queue. Queue after adding: deque([8, 9, 10, 11, 12, 13, 14, 15, 16, 17, 18, 19, 0, 1, 2, 3, 4, 5]).
	 LN : [1. 1. 1. 1. 1. 1. 1. 1. 0. 0. 0. 0. 0. 0. 0. 0. 0. 0. 0. 0.]
	 RN : [2. 2. 2. 2. 2. 2. 1. 1. 1. 1. 1. 1. 1. 1. 1. 1. 1. 1. 1. 1.]
	 Queue Understanding : deque([8, 9, 10, 11, 12, 13, 14, 15, 16, 17, 18, 19, 0, 1, 2, 3, 4, 5])
16:50: I'm 7 and sending the token to 8.
	 LN : [1. 1. 1. 1. 1. 1. 1. 1. 0. 0. 0. 0. 0. 0. 0. 0. 0. 0. 0. 0.]
	 RN : [2. 2. 2. 2. 2. 2. 1. 1. 1. 1. 1. 1. 1. 1. 1. 1. 1. 1. 1. 1.]
	 Queue Understanding : deque([9, 10, 11, 12, 13, 14, 15, 16, 17, 18, 19, 0, 1, 2, 3, 4, 5])
16:53: I'm 7 and want a token for the 2 time.
	 LN : [1. 1. 1. 1. 1. 1. 1. 1. 0. 0. 0. 0. 0. 0. 0. 0. 0. 0. 0. 0.]
	 RN : [2. 2. 2. 2. 2. 2. 2. 2. 1. 1. 1. 1. 1. 1. 1. 1. 1. 1. 1. 1.]
	 Queue Understanding : deque([9, 10, 11, 12, 13, 14, 15, 16, 17, 18, 19, 0, 1, 2, 3, 4, 5])
17:49: I'm 7 and I got a token.
	 LN : [1. 1. 1. 1. 1. 1. 1. 1. 0. 0. 0. 0. 0. 0. 0. 0. 0. 0. 0. 0.]
	 RN : [3. 3. 3. 3. 3. 3. 2. 2. 2. 2. 2. 2. 2. 2. 2. 2. 2. 2. 2. 2.]
	 Queue Understanding : deque([9, 10, 11, 12, 13, 14, 15, 16, 17, 18, 19, 0, 1, 2, 3, 4, 5])
17:49: I am 7 and execute 2 CS.
	 LN : [2. 2. 2. 2. 2. 2. 2. 1. 1. 1. 1. 1. 1. 1. 1. 1. 1. 1. 1. 1.]
	 RN : [3. 3. 3. 3. 3. 3. 2. 2. 2. 2. 2. 2. 2. 2. 2. 2. 2. 2. 2. 2.]
	 Queue Understanding : deque([8, 9, 10, 11, 12, 13, 14, 15, 16, 17, 18, 19, 0, 1, 2, 3])
17:51: I'm 7 and finished 2 CS.
	 LN : [2. 2. 2. 2. 2. 2. 2. 1. 1. 1. 1. 1. 1. 1. 1. 1. 1. 1. 1. 1.]
	 RN : [3. 3. 3. 3. 3. 3. 2. 2. 2. 2. 2. 2. 2. 2. 2. 2. 2. 2. 2. 2.]
	 Queue Understanding : deque([8, 9, 10, 11, 12, 13, 14, 15, 16, 17, 18, 19, 0, 1, 2, 3])
17:51: I'm 7 and it adds 4 to the queue. Queue after adding: deque([8, 9, 10, 11, 12, 13, 14, 15, 16, 17, 18, 19, 0, 1, 2, 3, 4]).
	 LN : [2. 2. 2. 2. 2. 2. 2. 2. 1. 1. 1. 1. 1. 1. 1. 1. 1. 1. 1. 1.]
	 RN : [3. 3. 3. 3. 3. 3. 2. 2. 2. 2. 2. 2. 2. 2. 2. 2. 2. 2. 2. 2.]
	 Queue Understanding : deque([8, 9, 10, 11, 12, 13, 14, 15, 16, 17, 18, 19, 0, 1, 2, 3, 4])
17:51: I'm 7 and it adds 5 to the queue. Queue after adding: deque([8, 9, 10, 11, 12, 13, 14, 15, 16, 17, 18, 19, 0, 1, 2, 3, 4, 5]).
	 LN : [2. 2. 2. 2. 2. 2. 2. 2. 1. 1. 1. 1. 1. 1. 1. 1. 1. 1. 1. 1.]
	 RN : [3. 3. 3. 3. 3. 3. 2. 2. 2. 2. 2. 2. 2. 2. 2. 2. 2. 2. 2. 2.]
	 Queue Understanding : deque([8, 9, 10, 11, 12, 13, 14, 15, 16, 17, 18, 19, 0, 1, 2, 3, 4, 5])
17:51: I'm 7 and sending the token to 8.
	 LN : [2. 2. 2. 2. 2. 2. 2. 2. 1. 1. 1. 1. 1. 1. 1. 1. 1. 1. 1. 1.]
	 RN : [3. 3. 3. 3. 3. 3. 2. 2. 2. 2. 2. 2. 2. 2. 2. 2. 2. 2. 2. 2.]
	 Queue Understanding : deque([9, 10, 11, 12, 13, 14, 15, 16, 17, 18, 19, 0, 1, 2, 3, 4, 5])
17:53: I'm 7 and want a token for the 3 time.
	 LN : [2. 2. 2. 2. 2. 2. 2. 2. 1. 1. 1. 1. 1. 1. 1. 1. 1. 1. 1. 1.]
	 RN : [3. 3. 3. 3. 3. 3. 3. 3. 2. 2. 2. 2. 2. 2. 2. 2. 2. 2. 2. 2.]
	 Queue Understanding : deque([9, 10, 11, 12, 13, 14, 15, 16, 17, 18, 19, 0, 1, 2, 3, 4, 5])
19:05: I'm 7 and I got a token.
	 LN : [2. 2. 2. 2. 2. 2. 2. 2. 1. 1. 1. 1. 1. 1. 1. 1. 1. 1. 1. 1.]
	 RN : [4. 4. 4. 4. 4. 4. 3. 3. 3. 3. 3. 3. 3. 3. 3. 3. 3. 3. 3. 3.]
	 Queue Understanding : deque([9, 10, 11, 12, 13, 14, 15, 16, 17, 18, 19, 0, 1, 2, 3, 4, 5])
19:05: I am 7 and execute 3 CS.
	 LN : [3. 3. 3. 3. 3. 3. 3. 2. 2. 2. 2. 2. 2. 2. 2. 2. 2. 2. 2. 2.]
	 RN : [4. 4. 4. 4. 4. 4. 3. 3. 3. 3. 3. 3. 3. 3. 3. 3. 3. 3. 3. 3.]
	 Queue Understanding : deque([8, 9, 10, 11, 12, 13, 14, 15, 16, 17, 18, 19, 0, 1, 2, 3, 4])
19:08: I'm 7 and finished 3 CS.
	 LN : [3. 3. 3. 3. 3. 3. 3. 2. 2. 2. 2. 2. 2. 2. 2. 2. 2. 2. 2. 2.]
	 RN : [4. 4. 4. 4. 4. 4. 3. 3. 3. 3. 3. 3. 3. 3. 3. 3. 3. 3. 3. 3.]
	 Queue Understanding : deque([8, 9, 10, 11, 12, 13, 14, 15, 16, 17, 18, 19, 0, 1, 2, 3, 4])
19:08: I'm 7 and it adds 5 to the queue. Queue after adding: deque([8, 9, 10, 11, 12, 13, 14, 15, 16, 17, 18, 19, 0, 1, 2, 3, 4, 5]).
	 LN : [3. 3. 3. 3. 3. 3. 3. 3. 2. 2. 2. 2. 2. 2. 2. 2. 2. 2. 2. 2.]
	 RN : [4. 4. 4. 4. 4. 4. 3. 3. 3. 3. 3. 3. 3. 3. 3. 3. 3. 3. 3. 3.]
	 Queue Understanding : deque([8, 9, 10, 11, 12, 13, 14, 15, 16, 17, 18, 19, 0, 1, 2, 3, 4, 5])
19:08: I'm 7 and sending the token to 8.
	 LN : [3. 3. 3. 3. 3. 3. 3. 3. 2. 2. 2. 2. 2. 2. 2. 2. 2. 2. 2. 2.]
	 RN : [4. 4. 4. 4. 4. 4. 3. 3. 3. 3. 3. 3. 3. 3. 3. 3. 3. 3. 3. 3.]
	 Queue Understanding : deque([9, 10, 11, 12, 13, 14, 15, 16, 17, 18, 19, 0, 1, 2, 3, 4, 5])
19:11: I'm 7 and want a token for the 4 time.
	 LN : [3. 3. 3. 3. 3. 3. 3. 3. 2. 2. 2. 2. 2. 2. 2. 2. 2. 2. 2. 2.]
	 RN : [4. 4. 4. 4. 4. 4. 4. 4. 3. 3. 3. 3. 3. 3. 3. 3. 3. 3. 3. 3.]
	 Queue Understanding : deque([9, 10, 11, 12, 13, 14, 15, 16, 17, 18, 19, 0, 1, 2, 3, 4, 5])
20:17: I'm 7 and I got a token.
	 LN : [3. 3. 3. 3. 3. 3. 3. 3. 2. 2. 2. 2. 2. 2. 2. 2. 2. 2. 2. 2.]
	 RN : [5. 5. 5. 5. 5. 5. 4. 4. 4. 4. 4. 4. 4. 4. 4. 4. 4. 4. 4. 4.]
	 Queue Understanding : deque([9, 10, 11, 12, 13, 14, 15, 16, 17, 18, 19, 0, 1, 2, 3, 4, 5])
20:17: I am 7 and execute 4 CS.
	 LN : [4. 4. 4. 4. 4. 4. 4. 3. 3. 3. 3. 3. 3. 3. 3. 3. 3. 3. 3. 3.]
	 RN : [5. 5. 5. 5. 5. 5. 4. 4. 4. 4. 4. 4. 4. 4. 4. 4. 4. 4. 4. 4.]
	 Queue Understanding : deque([8, 9, 10, 11, 12, 13, 14, 15, 16, 17, 18, 19, 0, 1, 2, 3, 4])
20:21: I'm 7 and finished 4 CS.
	 LN : [4. 4. 4. 4. 4. 4. 4. 3. 3. 3. 3. 3. 3. 3. 3. 3. 3. 3. 3. 3.]
	 RN : [5. 5. 5. 5. 5. 5. 4. 4. 4. 4. 4. 4. 4. 4. 4. 4. 4. 4. 4. 4.]
	 Queue Understanding : deque([8, 9, 10, 11, 12, 13, 14, 15, 16, 17, 18, 19, 0, 1, 2, 3, 4])
20:21: I'm 7 and it adds 5 to the queue. Queue after adding: deque([8, 9, 10, 11, 12, 13, 14, 15, 16, 17, 18, 19, 0, 1, 2, 3, 4, 5]).
	 LN : [4. 4. 4. 4. 4. 4. 4. 4. 3. 3. 3. 3. 3. 3. 3. 3. 3. 3. 3. 3.]
	 RN : [5. 5. 5. 5. 5. 5. 4. 4. 4. 4. 4. 4. 4. 4. 4. 4. 4. 4. 4. 4.]
	 Queue Understanding : deque([8, 9, 10, 11, 12, 13, 14, 15, 16, 17, 18, 19, 0, 1, 2, 3, 4, 5])
20:21: I'm 7 and sending the token to 8.
	 LN : [4. 4. 4. 4. 4. 4. 4. 4. 3. 3. 3. 3. 3. 3. 3. 3. 3. 3. 3. 3.]
	 RN : [5. 5. 5. 5. 5. 5. 4. 4. 4. 4. 4. 4. 4. 4. 4. 4. 4. 4. 4. 4.]
	 Queue Understanding : deque([9, 10, 11, 12, 13, 14, 15, 16, 17, 18, 19, 0, 1, 2, 3, 4, 5])
20:24: I'm 7 and want a token for the 5 time.
	 LN : [4. 4. 4. 4. 4. 4. 4. 4. 3. 3. 3. 3. 3. 3. 3. 3. 3. 3. 3. 3.]
	 RN : [5. 5. 5. 5. 5. 5. 5. 5. 4. 4. 4. 4. 4. 4. 4. 4. 4. 4. 4. 4.]
	 Queue Understanding : deque([9, 10, 11, 12, 13, 14, 15, 16, 17, 18, 19, 0, 1, 2, 3, 4, 5])
21:36: I'm 7 and I got a token.
	 LN : [4. 4. 4. 4. 4. 4. 4. 4. 3. 3. 3. 3. 3. 3. 3. 3. 3. 3. 3. 3.]
	 RN : [6. 6. 6. 6. 6. 6. 5. 5. 5. 5. 5. 5. 5. 5. 5. 5. 5. 5. 5. 5.]
	 Queue Understanding : deque([9, 10, 11, 12, 13, 14, 15, 16, 17, 18, 19, 0, 1, 2, 3, 4, 5])
21:36: I am 7 and execute 5 CS.
	 LN : [5. 5. 5. 5. 5. 5. 5. 4. 4. 4. 4. 4. 4. 4. 4. 4. 4. 4. 4. 4.]
	 RN : [6. 6. 6. 6. 6. 6. 5. 5. 5. 5. 5. 5. 5. 5. 5. 5. 5. 5. 5. 5.]
	 Queue Understanding : deque([8, 9, 10, 11, 12, 13, 14, 15, 16, 17, 18, 19, 0, 1, 2, 3, 4])
21:41: I'm 7 and finished 5 CS.
	 LN : [5. 5. 5. 5. 5. 5. 5. 4. 4. 4. 4. 4. 4. 4. 4. 4. 4. 4. 4. 4.]
	 RN : [6. 6. 6. 6. 6. 6. 5. 5. 5. 5. 5. 5. 5. 5. 5. 5. 5. 5. 5. 5.]
	 Queue Understanding : deque([8, 9, 10, 11, 12, 13, 14, 15, 16, 17, 18, 19, 0, 1, 2, 3, 4])
21:41: I'm 7 and it adds 5 to the queue. Queue after adding: deque([8, 9, 10, 11, 12, 13, 14, 15, 16, 17, 18, 19, 0, 1, 2, 3, 4, 5]).
	 LN : [5. 5. 5. 5. 5. 5. 5. 5. 4. 4. 4. 4. 4. 4. 4. 4. 4. 4. 4. 4.]
	 RN : [6. 6. 6. 6. 6. 6. 5. 5. 5. 5. 5. 5. 5. 5. 5. 5. 5. 5. 5. 5.]
	 Queue Understanding : deque([8, 9, 10, 11, 12, 13, 14, 15, 16, 17, 18, 19, 0, 1, 2, 3, 4, 5])
21:41: I'm 7 and sending the token to 8.
	 LN : [5. 5. 5. 5. 5. 5. 5. 5. 4. 4. 4. 4. 4. 4. 4. 4. 4. 4. 4. 4.]
	 RN : [6. 6. 6. 6. 6. 6. 5. 5. 5. 5. 5. 5. 5. 5. 5. 5. 5. 5. 5. 5.]
	 Queue Understanding : deque([9, 10, 11, 12, 13, 14, 15, 16, 17, 18, 19, 0, 1, 2, 3, 4, 5])
21:43: I'm 7 and want a token for the 6 time.
	 LN : [5. 5. 5. 5. 5. 5. 5. 5. 4. 4. 4. 4. 4. 4. 4. 4. 4. 4. 4. 4.]
	 RN : [6. 6. 6. 6. 6. 6. 6. 6. 5. 5. 5. 5. 5. 5. 5. 5. 5. 5. 5. 5.]
	 Queue Understanding : deque([9, 10, 11, 12, 13, 14, 15, 16, 17, 18, 19, 0, 1, 2, 3, 4, 5])
22:46: I'm 7 and I got a token.
	 LN : [5. 5. 5. 5. 5. 5. 5. 5. 4. 4. 4. 4. 4. 4. 4. 4. 4. 4. 4. 4.]
	 RN : [7. 7. 7. 7. 7. 7. 6. 6. 6. 6. 6. 6. 6. 6. 6. 6. 6. 6. 6. 6.]
	 Queue Understanding : deque([9, 10, 11, 12, 13, 14, 15, 16, 17, 18, 19, 0, 1, 2, 3, 4, 5])
22:46: I am 7 and execute 6 CS.
	 LN : [6. 6. 6. 6. 6. 6. 6. 5. 5. 5. 5. 5. 5. 5. 5. 5. 5. 5. 5. 5.]
	 RN : [7. 7. 7. 7. 7. 7. 6. 6. 6. 6. 6. 6. 6. 6. 6. 6. 6. 6. 6. 6.]
	 Queue Understanding : deque([8, 9, 10, 11, 12, 13, 14, 15, 16, 17, 18, 19, 0, 1, 2, 3, 4])
22:49: I'm 7 and finished 6 CS.
	 LN : [6. 6. 6. 6. 6. 6. 6. 5. 5. 5. 5. 5. 5. 5. 5. 5. 5. 5. 5. 5.]
	 RN : [7. 7. 7. 7. 7. 7. 6. 6. 6. 6. 6. 6. 6. 6. 6. 6. 6. 6. 6. 6.]
	 Queue Understanding : deque([8, 9, 10, 11, 12, 13, 14, 15, 16, 17, 18, 19, 0, 1, 2, 3, 4])
22:49: I'm 7 and it adds 5 to the queue. Queue after adding: deque([8, 9, 10, 11, 12, 13, 14, 15, 16, 17, 18, 19, 0, 1, 2, 3, 4, 5]).
	 LN : [6. 6. 6. 6. 6. 6. 6. 6. 5. 5. 5. 5. 5. 5. 5. 5. 5. 5. 5. 5.]
	 RN : [7. 7. 7. 7. 7. 7. 6. 6. 6. 6. 6. 6. 6. 6. 6. 6. 6. 6. 6. 6.]
	 Queue Understanding : deque([8, 9, 10, 11, 12, 13, 14, 15, 16, 17, 18, 19, 0, 1, 2, 3, 4, 5])
22:49: I'm 7 and sending the token to 8.
	 LN : [6. 6. 6. 6. 6. 6. 6. 6. 5. 5. 5. 5. 5. 5. 5. 5. 5. 5. 5. 5.]
	 RN : [7. 7. 7. 7. 7. 7. 6. 6. 6. 6. 6. 6. 6. 6. 6. 6. 6. 6. 6. 6.]
	 Queue Understanding : deque([9, 10, 11, 12, 13, 14, 15, 16, 17, 18, 19, 0, 1, 2, 3, 4, 5])
22:52: I'm 7 and want a token for the 7 time.
	 LN : [6. 6. 6. 6. 6. 6. 6. 6. 5. 5. 5. 5. 5. 5. 5. 5. 5. 5. 5. 5.]
	 RN : [7. 7. 7. 7. 7. 7. 7. 7. 6. 6. 6. 6. 6. 6. 6. 6. 6. 6. 6. 6.]
	 Queue Understanding : deque([9, 10, 11, 12, 13, 14, 15, 16, 17, 18, 19, 0, 1, 2, 3, 4, 5])
23:57: I'm 7 and I got a token.
	 LN : [6. 6. 6. 6. 6. 6. 6. 6. 5. 5. 5. 5. 5. 5. 5. 5. 5. 5. 5. 5.]
	 RN : [8. 8. 8. 8. 8. 8. 7. 7. 7. 7. 7. 7. 7. 7. 7. 7. 7. 7. 7. 7.]
	 Queue Understanding : deque([9, 10, 11, 12, 13, 14, 15, 16, 17, 18, 19, 0, 1, 2, 3, 4, 5])
23:57: I am 7 and execute 7 CS.
	 LN : [7. 7. 7. 7. 7. 7. 7. 6. 6. 6. 6. 6. 6. 6. 6. 6. 6. 6. 6. 6.]
	 RN : [8. 8. 8. 8. 8. 8. 7. 7. 7. 7. 7. 7. 7. 7. 7. 7. 7. 7. 7. 7.]
	 Queue Understanding : deque([8, 9, 10, 11, 12, 13, 14, 15, 16, 17, 18, 19, 0, 1, 2, 3, 4])
23:59: I'm 7 and finished 7 CS.
	 LN : [7. 7. 7. 7. 7. 7. 7. 6. 6. 6. 6. 6. 6. 6. 6. 6. 6. 6. 6. 6.]
	 RN : [8. 8. 8. 8. 8. 8. 7. 7. 7. 7. 7. 7. 7. 7. 7. 7. 7. 7. 7. 7.]
	 Queue Understanding : deque([8, 9, 10, 11, 12, 13, 14, 15, 16, 17, 18, 19, 0, 1, 2, 3, 4])
23:59: I'm 7 and it adds 5 to the queue. Queue after adding: deque([8, 9, 10, 11, 12, 13, 14, 15, 16, 17, 18, 19, 0, 1, 2, 3, 4, 5]).
	 LN : [7. 7. 7. 7. 7. 7. 7. 7. 6. 6. 6. 6. 6. 6. 6. 6. 6. 6. 6. 6.]
	 RN : [8. 8. 8. 8. 8. 8. 7. 7. 7. 7. 7. 7. 7. 7. 7. 7. 7. 7. 7. 7.]
	 Queue Understanding : deque([8, 9, 10, 11, 12, 13, 14, 15, 16, 17, 18, 19, 0, 1, 2, 3, 4, 5])
23:59: I'm 7 and sending the token to 8.
	 LN : [7. 7. 7. 7. 7. 7. 7. 7. 6. 6. 6. 6. 6. 6. 6. 6. 6. 6. 6. 6.]
	 RN : [8. 8. 8. 8. 8. 8. 7. 7. 7. 7. 7. 7. 7. 7. 7. 7. 7. 7. 7. 7.]
	 Queue Understanding : deque([9, 10, 11, 12, 13, 14, 15, 16, 17, 18, 19, 0, 1, 2, 3, 4, 5])
24:00: I'm 7 and want a token for the 8 time.
	 LN : [7. 7. 7. 7. 7. 7. 7. 7. 6. 6. 6. 6. 6. 6. 6. 6. 6. 6. 6. 6.]
	 RN : [8. 8. 8. 8. 8. 8. 8. 8. 7. 7. 7. 7. 7. 7. 7. 7. 7. 7. 7. 7.]
	 Queue Understanding : deque([9, 10, 11, 12, 13, 14, 15, 16, 17, 18, 19, 0, 1, 2, 3, 4, 5])
25:02: I'm 7 and I got a token.
	 LN : [7. 7. 7. 7. 7. 7. 7. 7. 6. 6. 6. 6. 6. 6. 6. 6. 6. 6. 6. 6.]
	 RN : [9. 9. 9. 9. 9. 8. 8. 8. 8. 8. 8. 8. 8. 8. 8. 8. 8. 8. 8. 8.]
	 Queue Understanding : deque([9, 10, 11, 12, 13, 14, 15, 16, 17, 18, 19, 0, 1, 2, 3, 4, 5])
25:02: I am 7 and execute 8 CS.
	 LN : [8. 8. 8. 8. 8. 8. 8. 7. 7. 7. 7. 7. 7. 7. 7. 7. 7. 7. 7. 7.]
	 RN : [9. 9. 9. 9. 9. 8. 8. 8. 8. 8. 8. 8. 8. 8. 8. 8. 8. 8. 8. 8.]
	 Queue Understanding : deque([8, 9, 10, 11, 12, 13, 14, 15, 16, 17, 18, 19, 0, 1, 2, 3])
25:05: I'm 7 and finished 8 CS.
	 LN : [8. 8. 8. 8. 8. 8. 8. 7. 7. 7. 7. 7. 7. 7. 7. 7. 7. 7. 7. 7.]
	 RN : [9. 9. 9. 9. 9. 8. 8. 8. 8. 8. 8. 8. 8. 8. 8. 8. 8. 8. 8. 8.]
	 Queue Understanding : deque([8, 9, 10, 11, 12, 13, 14, 15, 16, 17, 18, 19, 0, 1, 2, 3])
25:05: I'm 7 and it adds 4 to the queue. Queue after adding: deque([8, 9, 10, 11, 12, 13, 14, 15, 16, 17, 18, 19, 0, 1, 2, 3, 4]).
	 LN : [8. 8. 8. 8. 8. 8. 8. 8. 7. 7. 7. 7. 7. 7. 7. 7. 7. 7. 7. 7.]
	 RN : [9. 9. 9. 9. 9. 8. 8. 8. 8. 8. 8. 8. 8. 8. 8. 8. 8. 8. 8. 8.]
	 Queue Understanding : deque([8, 9, 10, 11, 12, 13, 14, 15, 16, 17, 18, 19, 0, 1, 2, 3, 4])
25:05: I'm 7 and sending the token to 8.
	 LN : [8. 8. 8. 8. 8. 8. 8. 8. 7. 7. 7. 7. 7. 7. 7. 7. 7. 7. 7. 7.]
	 RN : [9. 9. 9. 9. 9. 8. 8. 8. 8. 8. 8. 8. 8. 8. 8. 8. 8. 8. 8. 8.]
	 Queue Understanding : deque([9, 10, 11, 12, 13, 14, 15, 16, 17, 18, 19, 0, 1, 2, 3, 4])
25:07: I'm 7 and want a token for the 9 time.
	 LN : [8. 8. 8. 8. 8. 8. 8. 8. 7. 7. 7. 7. 7. 7. 7. 7. 7. 7. 7. 7.]
	 RN : [9. 9. 9. 9. 9. 9. 9. 9. 8. 8. 8. 8. 8. 8. 8. 8. 8. 8. 8. 8.]
	 Queue Understanding : deque([9, 10, 11, 12, 13, 14, 15, 16, 17, 18, 19, 0, 1, 2, 3, 4])
26:15: I'm 7 and I got a token.
	 LN : [8. 8. 8. 8. 8. 8. 8. 8. 7. 7. 7. 7. 7. 7. 7. 7. 7. 7. 7. 7.]
	 RN : [10. 10. 10. 10. 10. 10.  9.  9.  9.  9.  9.  9.  9.  9.  9.  9.  9.  9.
  9.  9.]
	 Queue Understanding : deque([9, 10, 11, 12, 13, 14, 15, 16, 17, 18, 19, 0, 1, 2, 3, 4])
26:15: I am 7 and execute 9 CS.
	 LN : [9. 9. 9. 9. 9. 9. 9. 8. 8. 8. 8. 8. 8. 8. 8. 8. 8. 8. 8. 8.]
	 RN : [10. 10. 10. 10. 10. 10.  9.  9.  9.  9.  9.  9.  9.  9.  9.  9.  9.  9.
  9.  9.]
	 Queue Understanding : deque([8, 9, 10, 11, 12, 13, 14, 15, 16, 17, 18, 19, 0, 1, 2, 3, 4])
26:18: I'm 7 and finished 9 CS.
	 LN : [9. 9. 9. 9. 9. 9. 9. 8. 8. 8. 8. 8. 8. 8. 8. 8. 8. 8. 8. 8.]
	 RN : [10. 10. 10. 10. 10. 10.  9.  9.  9.  9.  9.  9.  9.  9.  9.  9.  9.  9.
  9.  9.]
	 Queue Understanding : deque([8, 9, 10, 11, 12, 13, 14, 15, 16, 17, 18, 19, 0, 1, 2, 3, 4])
26:18: I'm 7 and it adds 5 to the queue. Queue after adding: deque([8, 9, 10, 11, 12, 13, 14, 15, 16, 17, 18, 19, 0, 1, 2, 3, 4, 5]).
	 LN : [9. 9. 9. 9. 9. 9. 9. 9. 8. 8. 8. 8. 8. 8. 8. 8. 8. 8. 8. 8.]
	 RN : [10. 10. 10. 10. 10. 10.  9.  9.  9.  9.  9.  9.  9.  9.  9.  9.  9.  9.
  9.  9.]
	 Queue Understanding : deque([8, 9, 10, 11, 12, 13, 14, 15, 16, 17, 18, 19, 0, 1, 2, 3, 4, 5])
26:18: I'm 7 and sending the token to 8.
	 LN : [9. 9. 9. 9. 9. 9. 9. 9. 8. 8. 8. 8. 8. 8. 8. 8. 8. 8. 8. 8.]
	 RN : [10. 10. 10. 10. 10. 10.  9.  9.  9.  9.  9.  9.  9.  9.  9.  9.  9.  9.
  9.  9.]
	 Queue Understanding : deque([9, 10, 11, 12, 13, 14, 15, 16, 17, 18, 19, 0, 1, 2, 3, 4, 5])
26:19: I'm 7 and want a token for the 10 time.
	 LN : [9. 9. 9. 9. 9. 9. 9. 9. 8. 8. 8. 8. 8. 8. 8. 8. 8. 8. 8. 8.]
	 RN : [10. 10. 10. 10. 10. 10. 10. 10.  9.  9.  9.  9.  9.  9.  9.  9.  9.  9.
  9.  9.]
	 Queue Understanding : deque([9, 10, 11, 12, 13, 14, 15, 16, 17, 18, 19, 0, 1, 2, 3, 4, 5])
27:24: I'm 7 and I got a token.
	 LN : [9. 9. 9. 9. 9. 9. 9. 9. 8. 8. 8. 8. 8. 8. 8. 8. 8. 8. 8. 8.]
	 RN : [11. 11. 11. 11. 11. 11. 10. 10. 10. 10. 10. 10. 10. 10. 10. 10. 10. 10.
 10. 10.]
	 Queue Understanding : deque([9, 10, 11, 12, 13, 14, 15, 16, 17, 18, 19, 0, 1, 2, 3, 4, 5])
27:24: I am 7 and execute 10 CS.
	 LN : [10. 10. 10. 10. 10. 10. 10.  9.  9.  9.  9.  9.  9.  9.  9.  9.  9.  9.
  9.  9.]
	 RN : [11. 11. 11. 11. 11. 11. 10. 10. 10. 10. 10. 10. 10. 10. 10. 10. 10. 10.
 10. 10.]
	 Queue Understanding : deque([8, 9, 10, 11, 12, 13, 14, 15, 16, 17, 18, 19, 0, 1, 2, 3, 4])
27:29: I'm 7 and finished 10 CS.
	 LN : [10. 10. 10. 10. 10. 10. 10.  9.  9.  9.  9.  9.  9.  9.  9.  9.  9.  9.
  9.  9.]
	 RN : [11. 11. 11. 11. 11. 11. 10. 10. 10. 10. 10. 10. 10. 10. 10. 10. 10. 10.
 10. 10.]
	 Queue Understanding : deque([8, 9, 10, 11, 12, 13, 14, 15, 16, 17, 18, 19, 0, 1, 2, 3, 4])
27:29: I'm 7 and it adds 5 to the queue. Queue after adding: deque([8, 9, 10, 11, 12, 13, 14, 15, 16, 17, 18, 19, 0, 1, 2, 3, 4, 5]).
	 LN : [10. 10. 10. 10. 10. 10. 10. 10.  9.  9.  9.  9.  9.  9.  9.  9.  9.  9.
  9.  9.]
	 RN : [11. 11. 11. 11. 11. 11. 10. 10. 10. 10. 10. 10. 10. 10. 10. 10. 10. 10.
 10. 10.]
	 Queue Understanding : deque([8, 9, 10, 11, 12, 13, 14, 15, 16, 17, 18, 19, 0, 1, 2, 3, 4, 5])
27:29: I'm 7 and sending the token to 8.
	 LN : [10. 10. 10. 10. 10. 10. 10. 10.  9.  9.  9.  9.  9.  9.  9.  9.  9.  9.
  9.  9.]
	 RN : [11. 11. 11. 11. 11. 11. 10. 10. 10. 10. 10. 10. 10. 10. 10. 10. 10. 10.
 10. 10.]
	 Queue Understanding : deque([9, 10, 11, 12, 13, 14, 15, 16, 17, 18, 19, 0, 1, 2, 3, 4, 5])
27:30: I'm 7 and want a token for the 11 time.
	 LN : [10. 10. 10. 10. 10. 10. 10. 10.  9.  9.  9.  9.  9.  9.  9.  9.  9.  9.
  9.  9.]
	 RN : [11. 11. 11. 11. 11. 11. 11. 11. 10. 10. 10. 10. 10. 10. 10. 10. 10. 10.
 10. 10.]
	 Queue Understanding : deque([9, 10, 11, 12, 13, 14, 15, 16, 17, 18, 19, 0, 1, 2, 3, 4, 5])
28:37: I'm 7 and I got a token.
	 LN : [10. 10. 10. 10. 10. 10. 10. 10.  9.  9.  9.  9.  9.  9.  9.  9.  9.  9.
  9.  9.]
	 RN : [12. 12. 12. 12. 12. 11. 11. 11. 11. 11. 11. 11. 11. 11. 11. 11. 11. 11.
 11. 11.]
	 Queue Understanding : deque([9, 10, 11, 12, 13, 14, 15, 16, 17, 18, 19, 0, 1, 2, 3, 4, 5])
28:37: I am 7 and execute 11 CS.
	 LN : [11. 11. 11. 11. 11. 11. 11. 10. 10. 10. 10. 10. 10. 10. 10. 10. 10. 10.
 10. 10.]
	 RN : [12. 12. 12. 12. 12. 11. 11. 11. 11. 11. 11. 11. 11. 11. 11. 11. 11. 11.
 11. 11.]
	 Queue Understanding : deque([8, 9, 10, 11, 12, 13, 14, 15, 16, 17, 18, 19, 0, 1, 2, 3, 4])
28:40: I'm 7 and finished 11 CS.
	 LN : [11. 11. 11. 11. 11. 11. 11. 10. 10. 10. 10. 10. 10. 10. 10. 10. 10. 10.
 10. 10.]
	 RN : [12. 12. 12. 12. 12. 11. 11. 11. 11. 11. 11. 11. 11. 11. 11. 11. 11. 11.
 11. 11.]
	 Queue Understanding : deque([8, 9, 10, 11, 12, 13, 14, 15, 16, 17, 18, 19, 0, 1, 2, 3, 4])
28:40: I'm 7 and sending the token to 8.
	 LN : [11. 11. 11. 11. 11. 11. 11. 11. 10. 10. 10. 10. 10. 10. 10. 10. 10. 10.
 10. 10.]
	 RN : [12. 12. 12. 12. 12. 11. 11. 11. 11. 11. 11. 11. 11. 11. 11. 11. 11. 11.
 11. 11.]
	 Queue Understanding : deque([9, 10, 11, 12, 13, 14, 15, 16, 17, 18, 19, 0, 1, 2, 3, 4])
28:42: I'm 7 and want a token for the 12 time.
	 LN : [11. 11. 11. 11. 11. 11. 11. 11. 10. 10. 10. 10. 10. 10. 10. 10. 10. 10.
 10. 10.]
	 RN : [12. 12. 12. 12. 12. 12. 12. 12. 11. 11. 11. 11. 11. 11. 11. 11. 11. 11.
 11. 11.]
	 Queue Understanding : deque([9, 10, 11, 12, 13, 14, 15, 16, 17, 18, 19, 0, 1, 2, 3, 4])
29:46: I'm 7 and I got a token.
	 LN : [11. 11. 11. 11. 11. 11. 11. 11. 10. 10. 10. 10. 10. 10. 10. 10. 10. 10.
 10. 10.]
	 RN : [13. 13. 13. 13. 13. 13. 12. 12. 12. 12. 12. 12. 12. 12. 12. 12. 12. 12.
 12. 12.]
	 Queue Understanding : deque([9, 10, 11, 12, 13, 14, 15, 16, 17, 18, 19, 0, 1, 2, 3, 4])
29:46: I am 7 and execute 12 CS.
	 LN : [12. 12. 12. 12. 12. 12. 12. 11. 11. 11. 11. 11. 11. 11. 11. 11. 11. 11.
 11. 11.]
	 RN : [13. 13. 13. 13. 13. 13. 12. 12. 12. 12. 12. 12. 12. 12. 12. 12. 12. 12.
 12. 12.]
	 Queue Understanding : deque([8, 9, 10, 11, 12, 13, 14, 15, 16, 17, 18, 19, 0, 1, 2, 3, 4])
29:48: I'm 7 and finished 12 CS.
	 LN : [12. 12. 12. 12. 12. 12. 12. 11. 11. 11. 11. 11. 11. 11. 11. 11. 11. 11.
 11. 11.]
	 RN : [13. 13. 13. 13. 13. 13. 12. 12. 12. 12. 12. 12. 12. 12. 12. 12. 12. 12.
 12. 12.]
	 Queue Understanding : deque([8, 9, 10, 11, 12, 13, 14, 15, 16, 17, 18, 19, 0, 1, 2, 3, 4])
29:48: I'm 7 and it adds 5 to the queue. Queue after adding: deque([8, 9, 10, 11, 12, 13, 14, 15, 16, 17, 18, 19, 0, 1, 2, 3, 4, 5]).
	 LN : [12. 12. 12. 12. 12. 12. 12. 12. 11. 11. 11. 11. 11. 11. 11. 11. 11. 11.
 11. 11.]
	 RN : [13. 13. 13. 13. 13. 13. 12. 12. 12. 12. 12. 12. 12. 12. 12. 12. 12. 12.
 12. 12.]
	 Queue Understanding : deque([8, 9, 10, 11, 12, 13, 14, 15, 16, 17, 18, 19, 0, 1, 2, 3, 4, 5])
29:48: I'm 7 and sending the token to 8.
	 LN : [12. 12. 12. 12. 12. 12. 12. 12. 11. 11. 11. 11. 11. 11. 11. 11. 11. 11.
 11. 11.]
	 RN : [13. 13. 13. 13. 13. 13. 12. 12. 12. 12. 12. 12. 12. 12. 12. 12. 12. 12.
 12. 12.]
	 Queue Understanding : deque([9, 10, 11, 12, 13, 14, 15, 16, 17, 18, 19, 0, 1, 2, 3, 4, 5])
29:49: I'm 7 and want a token for the 13 time.
	 LN : [12. 12. 12. 12. 12. 12. 12. 12. 11. 11. 11. 11. 11. 11. 11. 11. 11. 11.
 11. 11.]
	 RN : [13. 13. 13. 13. 13. 13. 13. 13. 12. 12. 12. 12. 12. 12. 12. 12. 12. 12.
 12. 12.]
	 Queue Understanding : deque([9, 10, 11, 12, 13, 14, 15, 16, 17, 18, 19, 0, 1, 2, 3, 4, 5])
31:00: I'm 7 and I got a token.
	 LN : [12. 12. 12. 12. 12. 12. 12. 12. 11. 11. 11. 11. 11. 11. 11. 11. 11. 11.
 11. 11.]
	 RN : [14. 14. 14. 14. 14. 14. 13. 13. 13. 13. 13. 13. 13. 13. 13. 13. 13. 13.
 13. 13.]
	 Queue Understanding : deque([9, 10, 11, 12, 13, 14, 15, 16, 17, 18, 19, 0, 1, 2, 3, 4, 5])
31:00: I am 7 and execute 13 CS.
	 LN : [13. 13. 13. 13. 13. 13. 13. 12. 12. 12. 12. 12. 12. 12. 12. 12. 12. 12.
 12. 12.]
	 RN : [14. 14. 14. 14. 14. 14. 13. 13. 13. 13. 13. 13. 13. 13. 13. 13. 13. 13.
 13. 13.]
	 Queue Understanding : deque([8, 9, 10, 11, 12, 13, 14, 15, 16, 17, 18, 19, 0, 1, 2, 3, 4])
31:04: I'm 7 and finished 13 CS.
	 LN : [13. 13. 13. 13. 13. 13. 13. 12. 12. 12. 12. 12. 12. 12. 12. 12. 12. 12.
 12. 12.]
	 RN : [14. 14. 14. 14. 14. 14. 13. 13. 13. 13. 13. 13. 13. 13. 13. 13. 13. 13.
 13. 13.]
	 Queue Understanding : deque([8, 9, 10, 11, 12, 13, 14, 15, 16, 17, 18, 19, 0, 1, 2, 3, 4])
31:04: I'm 7 and it adds 5 to the queue. Queue after adding: deque([8, 9, 10, 11, 12, 13, 14, 15, 16, 17, 18, 19, 0, 1, 2, 3, 4, 5]).
	 LN : [13. 13. 13. 13. 13. 13. 13. 13. 12. 12. 12. 12. 12. 12. 12. 12. 12. 12.
 12. 12.]
	 RN : [14. 14. 14. 14. 14. 14. 13. 13. 13. 13. 13. 13. 13. 13. 13. 13. 13. 13.
 13. 13.]
	 Queue Understanding : deque([8, 9, 10, 11, 12, 13, 14, 15, 16, 17, 18, 19, 0, 1, 2, 3, 4, 5])
31:04: I'm 7 and sending the token to 8.
	 LN : [13. 13. 13. 13. 13. 13. 13. 13. 12. 12. 12. 12. 12. 12. 12. 12. 12. 12.
 12. 12.]
	 RN : [14. 14. 14. 14. 14. 14. 13. 13. 13. 13. 13. 13. 13. 13. 13. 13. 13. 13.
 13. 13.]
	 Queue Understanding : deque([9, 10, 11, 12, 13, 14, 15, 16, 17, 18, 19, 0, 1, 2, 3, 4, 5])
31:05: I'm 7 and want a token for the 14 time.
	 LN : [13. 13. 13. 13. 13. 13. 13. 13. 12. 12. 12. 12. 12. 12. 12. 12. 12. 12.
 12. 12.]
	 RN : [14. 14. 14. 14. 14. 14. 14. 14. 13. 13. 13. 13. 13. 13. 13. 13. 13. 13.
 13. 13.]
	 Queue Understanding : deque([9, 10, 11, 12, 13, 14, 15, 16, 17, 18, 19, 0, 1, 2, 3, 4, 5])
32:04: I'm 7 and I got a token.
	 LN : [13. 13. 13. 13. 13. 13. 13. 13. 12. 12. 12. 12. 12. 12. 12. 12. 12. 12.
 12. 12.]
	 RN : [15. 15. 15. 15. 15. 15. 14. 14. 14. 14. 14. 14. 14. 14. 14. 14. 14. 14.
 14. 14.]
	 Queue Understanding : deque([9, 10, 11, 12, 13, 14, 15, 16, 17, 18, 19, 0, 1, 2, 3, 4, 5])
32:04: I am 7 and execute 14 CS.
	 LN : [14. 14. 14. 14. 14. 14. 14. 13. 13. 13. 13. 13. 13. 13. 13. 13. 13. 13.
 13. 13.]
	 RN : [15. 15. 15. 15. 15. 15. 14. 14. 14. 14. 14. 14. 14. 14. 14. 14. 14. 14.
 14. 14.]
	 Queue Understanding : deque([8, 9, 10, 11, 12, 13, 14, 15, 16, 17, 18, 19, 0, 1, 2, 3, 4])
32:09: I'm 7 and finished 14 CS.
	 LN : [14. 14. 14. 14. 14. 14. 14. 13. 13. 13. 13. 13. 13. 13. 13. 13. 13. 13.
 13. 13.]
	 RN : [15. 15. 15. 15. 15. 15. 14. 14. 14. 14. 14. 14. 14. 14. 14. 14. 14. 14.
 14. 14.]
	 Queue Understanding : deque([8, 9, 10, 11, 12, 13, 14, 15, 16, 17, 18, 19, 0, 1, 2, 3, 4])
32:09: I'm 7 and it adds 5 to the queue. Queue after adding: deque([8, 9, 10, 11, 12, 13, 14, 15, 16, 17, 18, 19, 0, 1, 2, 3, 4, 5]).
	 LN : [14. 14. 14. 14. 14. 14. 14. 14. 13. 13. 13. 13. 13. 13. 13. 13. 13. 13.
 13. 13.]
	 RN : [15. 15. 15. 15. 15. 15. 14. 14. 14. 14. 14. 14. 14. 14. 14. 14. 14. 14.
 14. 14.]
	 Queue Understanding : deque([8, 9, 10, 11, 12, 13, 14, 15, 16, 17, 18, 19, 0, 1, 2, 3, 4, 5])
32:09: I'm 7 and sending the token to 8.
	 LN : [14. 14. 14. 14. 14. 14. 14. 14. 13. 13. 13. 13. 13. 13. 13. 13. 13. 13.
 13. 13.]
	 RN : [15. 15. 15. 15. 15. 15. 14. 14. 14. 14. 14. 14. 14. 14. 14. 14. 14. 14.
 14. 14.]
	 Queue Understanding : deque([9, 10, 11, 12, 13, 14, 15, 16, 17, 18, 19, 0, 1, 2, 3, 4, 5])
32:10: I'm 7 and want a token for the 15 time.
	 LN : [14. 14. 14. 14. 14. 14. 14. 14. 13. 13. 13. 13. 13. 13. 13. 13. 13. 13.
 13. 13.]
	 RN : [15. 15. 15. 15. 15. 15. 15. 15. 14. 14. 14. 14. 14. 14. 14. 14. 14. 14.
 14. 14.]
	 Queue Understanding : deque([9, 10, 11, 12, 13, 14, 15, 16, 17, 18, 19, 0, 1, 2, 3, 4, 5])
33:16: I'm 7 and I got a token.
	 LN : [14. 14. 14. 14. 14. 14. 14. 14. 13. 13. 13. 13. 13. 13. 13. 13. 13. 13.
 13. 13.]
	 RN : [16. 16. 16. 16. 16. 16. 15. 15. 15. 15. 15. 15. 15. 15. 15. 15. 15. 15.
 15. 15.]
	 Queue Understanding : deque([9, 10, 11, 12, 13, 14, 15, 16, 17, 18, 19, 0, 1, 2, 3, 4, 5])
33:16: I am 7 and execute 15 CS.
	 LN : [15. 15. 15. 15. 15. 15. 15. 14. 14. 14. 14. 14. 14. 14. 14. 14. 14. 14.
 14. 14.]
	 RN : [16. 16. 16. 16. 16. 16. 15. 15. 15. 15. 15. 15. 15. 15. 15. 15. 15. 15.
 15. 15.]
	 Queue Understanding : deque([8, 9, 10, 11, 12, 13, 14, 15, 16, 17, 18, 19, 0, 1, 2, 3, 4])
33:19: I'm 7 and finished 15 CS.
	 LN : [15. 15. 15. 15. 15. 15. 15. 14. 14. 14. 14. 14. 14. 14. 14. 14. 14. 14.
 14. 14.]
	 RN : [16. 16. 16. 16. 16. 16. 15. 15. 15. 15. 15. 15. 15. 15. 15. 15. 15. 15.
 15. 15.]
	 Queue Understanding : deque([8, 9, 10, 11, 12, 13, 14, 15, 16, 17, 18, 19, 0, 1, 2, 3, 4])
33:19: I'm 7 and it adds 5 to the queue. Queue after adding: deque([8, 9, 10, 11, 12, 13, 14, 15, 16, 17, 18, 19, 0, 1, 2, 3, 4, 5]).
	 LN : [15. 15. 15. 15. 15. 15. 15. 15. 14. 14. 14. 14. 14. 14. 14. 14. 14. 14.
 14. 14.]
	 RN : [16. 16. 16. 16. 16. 16. 15. 15. 15. 15. 15. 15. 15. 15. 15. 15. 15. 15.
 15. 15.]
	 Queue Understanding : deque([8, 9, 10, 11, 12, 13, 14, 15, 16, 17, 18, 19, 0, 1, 2, 3, 4, 5])
33:19: I'm 7 and sending the token to 8.
	 LN : [15. 15. 15. 15. 15. 15. 15. 15. 14. 14. 14. 14. 14. 14. 14. 14. 14. 14.
 14. 14.]
	 RN : [16. 16. 16. 16. 16. 16. 15. 15. 15. 15. 15. 15. 15. 15. 15. 15. 15. 15.
 15. 15.]
	 Queue Understanding : deque([9, 10, 11, 12, 13, 14, 15, 16, 17, 18, 19, 0, 1, 2, 3, 4, 5])
33:21: I'm 7 and want a token for the 16 time.
	 LN : [15. 15. 15. 15. 15. 15. 15. 15. 14. 14. 14. 14. 14. 14. 14. 14. 14. 14.
 14. 14.]
	 RN : [16. 16. 16. 16. 16. 16. 16. 16. 15. 15. 15. 15. 15. 15. 15. 15. 15. 15.
 15. 15.]
	 Queue Understanding : deque([9, 10, 11, 12, 13, 14, 15, 16, 17, 18, 19, 0, 1, 2, 3, 4, 5])
