16:27: I'm 12 and want a token for the 1 time.
	 LN : [0. 0. 0. 0. 0. 0. 0. 0. 0. 0. 0. 0. 0. 0. 0. 0. 0. 0. 0. 0.]
	 RN : [1. 1. 1. 1. 1. 0. 1. 1. 1. 1. 1. 1. 1. 1. 0. 1. 1. 1. 0. 1.]
	 Queue Understanding : deque([])
17:03: I'm 12 and I got a token.
	 LN : [0. 0. 0. 0. 0. 0. 0. 0. 0. 0. 0. 0. 0. 0. 0. 0. 0. 0. 0. 0.]
	 RN : [2. 2. 2. 2. 2. 2. 2. 2. 2. 2. 2. 1. 1. 1. 1. 1. 1. 1. 1. 1.]
	 Queue Understanding : deque([])
17:03: I am 12 and execute 1 CS.
	 LN : [1. 1. 1. 1. 1. 1. 1. 1. 1. 1. 1. 1. 0. 0. 0. 0. 0. 0. 0. 0.]
	 RN : [2. 2. 2. 2. 2. 2. 2. 2. 2. 2. 2. 1. 1. 1. 1. 1. 1. 1. 1. 1.]
	 Queue Understanding : deque([13, 14, 15, 16, 17, 18, 19, 0, 1, 2, 3, 4, 5, 6, 7, 8, 9])
17:05: I'm 12 and finished 1 CS.
	 LN : [1. 1. 1. 1. 1. 1. 1. 1. 1. 1. 1. 1. 0. 0. 0. 0. 0. 0. 0. 0.]
	 RN : [2. 2. 2. 2. 2. 2. 2. 2. 2. 2. 2. 1. 1. 1. 1. 1. 1. 1. 1. 1.]
	 Queue Understanding : deque([13, 14, 15, 16, 17, 18, 19, 0, 1, 2, 3, 4, 5, 6, 7, 8, 9])
17:05: I'm 12 and it adds 10 to the queue. Queue after adding: deque([13, 14, 15, 16, 17, 18, 19, 0, 1, 2, 3, 4, 5, 6, 7, 8, 9, 10]).
	 LN : [1. 1. 1. 1. 1. 1. 1. 1. 1. 1. 1. 1. 1. 0. 0. 0. 0. 0. 0. 0.]
	 RN : [2. 2. 2. 2. 2. 2. 2. 2. 2. 2. 2. 1. 1. 1. 1. 1. 1. 1. 1. 1.]
	 Queue Understanding : deque([13, 14, 15, 16, 17, 18, 19, 0, 1, 2, 3, 4, 5, 6, 7, 8, 9, 10])
17:05: I'm 12 and sending the token to 13.
	 LN : [1. 1. 1. 1. 1. 1. 1. 1. 1. 1. 1. 1. 1. 0. 0. 0. 0. 0. 0. 0.]
	 RN : [2. 2. 2. 2. 2. 2. 2. 2. 2. 2. 2. 1. 1. 1. 1. 1. 1. 1. 1. 1.]
	 Queue Understanding : deque([14, 15, 16, 17, 18, 19, 0, 1, 2, 3, 4, 5, 6, 7, 8, 9, 10])
17:08: I'm 12 and want a token for the 2 time.
	 LN : [1. 1. 1. 1. 1. 1. 1. 1. 1. 1. 1. 1. 1. 0. 0. 0. 0. 0. 0. 0.]
	 RN : [2. 2. 2. 2. 2. 2. 2. 2. 2. 2. 2. 2. 2. 1. 1. 1. 1. 1. 1. 1.]
	 Queue Understanding : deque([14, 15, 16, 17, 18, 19, 0, 1, 2, 3, 4, 5, 6, 7, 8, 9, 10])
18:04: I'm 12 and I got a token.
	 LN : [1. 1. 1. 1. 1. 1. 1. 1. 1. 1. 1. 1. 1. 0. 0. 0. 0. 0. 0. 0.]
	 RN : [3. 3. 3. 3. 3. 3. 3. 3. 3. 3. 3. 2. 2. 2. 2. 2. 2. 2. 2. 2.]
	 Queue Understanding : deque([14, 15, 16, 17, 18, 19, 0, 1, 2, 3, 4, 5, 6, 7, 8, 9, 10])
18:04: I am 12 and execute 2 CS.
	 LN : [2. 2. 2. 2. 2. 2. 2. 2. 2. 2. 2. 2. 1. 1. 1. 1. 1. 1. 1. 1.]
	 RN : [3. 3. 3. 3. 3. 3. 3. 3. 3. 3. 3. 2. 2. 2. 2. 2. 2. 2. 2. 2.]
	 Queue Understanding : deque([13, 14, 15, 16, 17, 18, 19, 0, 1, 2, 3, 4, 5, 6, 7, 8, 9])
18:09: I'm 12 and finished 2 CS.
	 LN : [2. 2. 2. 2. 2. 2. 2. 2. 2. 2. 2. 2. 1. 1. 1. 1. 1. 1. 1. 1.]
	 RN : [3. 3. 3. 3. 3. 3. 3. 3. 3. 3. 3. 2. 2. 2. 2. 2. 2. 2. 2. 2.]
	 Queue Understanding : deque([13, 14, 15, 16, 17, 18, 19, 0, 1, 2, 3, 4, 5, 6, 7, 8, 9])
18:09: I'm 12 and it adds 10 to the queue. Queue after adding: deque([13, 14, 15, 16, 17, 18, 19, 0, 1, 2, 3, 4, 5, 6, 7, 8, 9, 10]).
	 LN : [2. 2. 2. 2. 2. 2. 2. 2. 2. 2. 2. 2. 2. 1. 1. 1. 1. 1. 1. 1.]
	 RN : [3. 3. 3. 3. 3. 3. 3. 3. 3. 3. 3. 2. 2. 2. 2. 2. 2. 2. 2. 2.]
	 Queue Understanding : deque([13, 14, 15, 16, 17, 18, 19, 0, 1, 2, 3, 4, 5, 6, 7, 8, 9, 10])
18:09: I'm 12 and sending the token to 13.
	 LN : [2. 2. 2. 2. 2. 2. 2. 2. 2. 2. 2. 2. 2. 1. 1. 1. 1. 1. 1. 1.]
	 RN : [3. 3. 3. 3. 3. 3. 3. 3. 3. 3. 3. 2. 2. 2. 2. 2. 2. 2. 2. 2.]
	 Queue Understanding : deque([14, 15, 16, 17, 18, 19, 0, 1, 2, 3, 4, 5, 6, 7, 8, 9, 10])
18:10: I'm 12 and want a token for the 3 time.
	 LN : [2. 2. 2. 2. 2. 2. 2. 2. 2. 2. 2. 2. 2. 1. 1. 1. 1. 1. 1. 1.]
	 RN : [3. 3. 3. 3. 3. 3. 3. 3. 3. 3. 3. 3. 3. 2. 2. 2. 2. 2. 2. 2.]
	 Queue Understanding : deque([14, 15, 16, 17, 18, 19, 0, 1, 2, 3, 4, 5, 6, 7, 8, 9, 10])
19:24: I'm 12 and I got a token.
	 LN : [2. 2. 2. 2. 2. 2. 2. 2. 2. 2. 2. 2. 2. 1. 1. 1. 1. 1. 1. 1.]
	 RN : [4. 4. 4. 4. 4. 4. 4. 4. 4. 4. 4. 3. 3. 3. 3. 3. 3. 3. 3. 3.]
	 Queue Understanding : deque([14, 15, 16, 17, 18, 19, 0, 1, 2, 3, 4, 5, 6, 7, 8, 9, 10])
19:24: I am 12 and execute 3 CS.
	 LN : [3. 3. 3. 3. 3. 3. 3. 3. 3. 3. 3. 3. 2. 2. 2. 2. 2. 2. 2. 2.]
	 RN : [4. 4. 4. 4. 4. 4. 4. 4. 4. 4. 4. 3. 3. 3. 3. 3. 3. 3. 3. 3.]
	 Queue Understanding : deque([13, 14, 15, 16, 17, 18, 19, 0, 1, 2, 3, 4, 5, 6, 7, 8, 9])
19:27: I'm 12 and finished 3 CS.
	 LN : [3. 3. 3. 3. 3. 3. 3. 3. 3. 3. 3. 3. 2. 2. 2. 2. 2. 2. 2. 2.]
	 RN : [4. 4. 4. 4. 4. 4. 4. 4. 4. 4. 4. 3. 3. 3. 3. 3. 3. 3. 3. 3.]
	 Queue Understanding : deque([13, 14, 15, 16, 17, 18, 19, 0, 1, 2, 3, 4, 5, 6, 7, 8, 9])
19:27: I'm 12 and it adds 10 to the queue. Queue after adding: deque([13, 14, 15, 16, 17, 18, 19, 0, 1, 2, 3, 4, 5, 6, 7, 8, 9, 10]).
	 LN : [3. 3. 3. 3. 3. 3. 3. 3. 3. 3. 3. 3. 3. 2. 2. 2. 2. 2. 2. 2.]
	 RN : [4. 4. 4. 4. 4. 4. 4. 4. 4. 4. 4. 3. 3. 3. 3. 3. 3. 3. 3. 3.]
	 Queue Understanding : deque([13, 14, 15, 16, 17, 18, 19, 0, 1, 2, 3, 4, 5, 6, 7, 8, 9, 10])
19:27: I'm 12 and sending the token to 13.
	 LN : [3. 3. 3. 3. 3. 3. 3. 3. 3. 3. 3. 3. 3. 2. 2. 2. 2. 2. 2. 2.]
	 RN : [4. 4. 4. 4. 4. 4. 4. 4. 4. 4. 4. 3. 3. 3. 3. 3. 3. 3. 3. 3.]
	 Queue Understanding : deque([14, 15, 16, 17, 18, 19, 0, 1, 2, 3, 4, 5, 6, 7, 8, 9, 10])
19:30: I'm 12 and want a token for the 4 time.
	 LN : [3. 3. 3. 3. 3. 3. 3. 3. 3. 3. 3. 3. 3. 2. 2. 2. 2. 2. 2. 2.]
	 RN : [4. 4. 4. 4. 4. 4. 4. 4. 4. 4. 4. 4. 4. 3. 3. 3. 3. 3. 3. 3.]
	 Queue Understanding : deque([14, 15, 16, 17, 18, 19, 0, 1, 2, 3, 4, 5, 6, 7, 8, 9, 10])
20:38: I'm 12 and I got a token.
	 LN : [3. 3. 3. 3. 3. 3. 3. 3. 3. 3. 3. 3. 3. 2. 2. 2. 2. 2. 2. 2.]
	 RN : [5. 5. 5. 5. 5. 5. 5. 5. 5. 5. 5. 4. 4. 4. 4. 4. 4. 4. 4. 4.]
	 Queue Understanding : deque([14, 15, 16, 17, 18, 19, 0, 1, 2, 3, 4, 5, 6, 7, 8, 9, 10])
20:38: I am 12 and execute 4 CS.
	 LN : [4. 4. 4. 4. 4. 4. 4. 4. 4. 4. 4. 4. 3. 3. 3. 3. 3. 3. 3. 3.]
	 RN : [5. 5. 5. 5. 5. 5. 5. 5. 5. 5. 5. 4. 4. 4. 4. 4. 4. 4. 4. 4.]
	 Queue Understanding : deque([13, 14, 15, 16, 17, 18, 19, 0, 1, 2, 3, 4, 5, 6, 7, 8, 9])
20:42: I'm 12 and finished 4 CS.
	 LN : [4. 4. 4. 4. 4. 4. 4. 4. 4. 4. 4. 4. 3. 3. 3. 3. 3. 3. 3. 3.]
	 RN : [5. 5. 5. 5. 5. 5. 5. 5. 5. 5. 5. 4. 4. 4. 4. 4. 4. 4. 4. 4.]
	 Queue Understanding : deque([13, 14, 15, 16, 17, 18, 19, 0, 1, 2, 3, 4, 5, 6, 7, 8, 9])
20:42: I'm 12 and it adds 10 to the queue. Queue after adding: deque([13, 14, 15, 16, 17, 18, 19, 0, 1, 2, 3, 4, 5, 6, 7, 8, 9, 10]).
	 LN : [4. 4. 4. 4. 4. 4. 4. 4. 4. 4. 4. 4. 4. 3. 3. 3. 3. 3. 3. 3.]
	 RN : [5. 5. 5. 5. 5. 5. 5. 5. 5. 5. 5. 4. 4. 4. 4. 4. 4. 4. 4. 4.]
	 Queue Understanding : deque([13, 14, 15, 16, 17, 18, 19, 0, 1, 2, 3, 4, 5, 6, 7, 8, 9, 10])
20:42: I'm 12 and sending the token to 13.
	 LN : [4. 4. 4. 4. 4. 4. 4. 4. 4. 4. 4. 4. 4. 3. 3. 3. 3. 3. 3. 3.]
	 RN : [5. 5. 5. 5. 5. 5. 5. 5. 5. 5. 5. 4. 4. 4. 4. 4. 4. 4. 4. 4.]
	 Queue Understanding : deque([14, 15, 16, 17, 18, 19, 0, 1, 2, 3, 4, 5, 6, 7, 8, 9, 10])
20:44: I'm 12 and want a token for the 5 time.
	 LN : [4. 4. 4. 4. 4. 4. 4. 4. 4. 4. 4. 4. 4. 3. 3. 3. 3. 3. 3. 3.]
	 RN : [5. 5. 5. 5. 5. 5. 5. 5. 5. 5. 5. 5. 5. 4. 4. 4. 4. 4. 4. 4.]
	 Queue Understanding : deque([14, 15, 16, 17, 18, 19, 0, 1, 2, 3, 4, 5, 6, 7, 8, 9, 10])
21:54: I'm 12 and I got a token.
	 LN : [4. 4. 4. 4. 4. 4. 4. 4. 4. 4. 4. 4. 4. 3. 3. 3. 3. 3. 3. 3.]
	 RN : [6. 6. 6. 6. 6. 6. 6. 6. 6. 6. 6. 5. 5. 5. 5. 5. 5. 5. 5. 5.]
	 Queue Understanding : deque([14, 15, 16, 17, 18, 19, 0, 1, 2, 3, 4, 5, 6, 7, 8, 9, 10])
21:54: I am 12 and execute 5 CS.
	 LN : [5. 5. 5. 5. 5. 5. 5. 5. 5. 5. 5. 5. 4. 4. 4. 4. 4. 4. 4. 4.]
	 RN : [6. 6. 6. 6. 6. 6. 6. 6. 6. 6. 6. 5. 5. 5. 5. 5. 5. 5. 5. 5.]
	 Queue Understanding : deque([13, 14, 15, 16, 17, 18, 19, 0, 1, 2, 3, 4, 5, 6, 7, 8, 9])
21:59: I'm 12 and finished 5 CS.
	 LN : [5. 5. 5. 5. 5. 5. 5. 5. 5. 5. 5. 5. 4. 4. 4. 4. 4. 4. 4. 4.]
	 RN : [6. 6. 6. 6. 6. 6. 6. 6. 6. 6. 6. 5. 5. 5. 5. 5. 5. 5. 5. 5.]
	 Queue Understanding : deque([13, 14, 15, 16, 17, 18, 19, 0, 1, 2, 3, 4, 5, 6, 7, 8, 9])
21:59: I'm 12 and it adds 10 to the queue. Queue after adding: deque([13, 14, 15, 16, 17, 18, 19, 0, 1, 2, 3, 4, 5, 6, 7, 8, 9, 10]).
	 LN : [5. 5. 5. 5. 5. 5. 5. 5. 5. 5. 5. 5. 5. 4. 4. 4. 4. 4. 4. 4.]
	 RN : [6. 6. 6. 6. 6. 6. 6. 6. 6. 6. 6. 5. 5. 5. 5. 5. 5. 5. 5. 5.]
	 Queue Understanding : deque([13, 14, 15, 16, 17, 18, 19, 0, 1, 2, 3, 4, 5, 6, 7, 8, 9, 10])
21:59: I'm 12 and sending the token to 13.
	 LN : [5. 5. 5. 5. 5. 5. 5. 5. 5. 5. 5. 5. 5. 4. 4. 4. 4. 4. 4. 4.]
	 RN : [6. 6. 6. 6. 6. 6. 6. 6. 6. 6. 6. 5. 5. 5. 5. 5. 5. 5. 5. 5.]
	 Queue Understanding : deque([14, 15, 16, 17, 18, 19, 0, 1, 2, 3, 4, 5, 6, 7, 8, 9, 10])
22:01: I'm 12 and want a token for the 6 time.
	 LN : [5. 5. 5. 5. 5. 5. 5. 5. 5. 5. 5. 5. 5. 4. 4. 4. 4. 4. 4. 4.]
	 RN : [6. 6. 6. 6. 6. 6. 6. 6. 6. 6. 6. 6. 6. 5. 5. 5. 5. 5. 5. 5.]
	 Queue Understanding : deque([14, 15, 16, 17, 18, 19, 0, 1, 2, 3, 4, 5, 6, 7, 8, 9, 10])
23:06: I'm 12 and I got a token.
	 LN : [5. 5. 5. 5. 5. 5. 5. 5. 5. 5. 5. 5. 5. 4. 4. 4. 4. 4. 4. 4.]
	 RN : [7. 7. 7. 7. 7. 7. 7. 7. 7. 7. 7. 6. 6. 6. 6. 6. 6. 6. 6. 6.]
	 Queue Understanding : deque([14, 15, 16, 17, 18, 19, 0, 1, 2, 3, 4, 5, 6, 7, 8, 9, 10])
23:06: I am 12 and execute 6 CS.
	 LN : [6. 6. 6. 6. 6. 6. 6. 6. 6. 6. 6. 6. 5. 5. 5. 5. 5. 5. 5. 5.]
	 RN : [7. 7. 7. 7. 7. 7. 7. 7. 7. 7. 7. 6. 6. 6. 6. 6. 6. 6. 6. 6.]
	 Queue Understanding : deque([13, 14, 15, 16, 17, 18, 19, 0, 1, 2, 3, 4, 5, 6, 7, 8, 9])
23:08: I'm 12 and finished 6 CS.
	 LN : [6. 6. 6. 6. 6. 6. 6. 6. 6. 6. 6. 6. 5. 5. 5. 5. 5. 5. 5. 5.]
	 RN : [7. 7. 7. 7. 7. 7. 7. 7. 7. 7. 7. 6. 6. 6. 6. 6. 6. 6. 6. 6.]
	 Queue Understanding : deque([13, 14, 15, 16, 17, 18, 19, 0, 1, 2, 3, 4, 5, 6, 7, 8, 9])
23:08: I'm 12 and it adds 10 to the queue. Queue after adding: deque([13, 14, 15, 16, 17, 18, 19, 0, 1, 2, 3, 4, 5, 6, 7, 8, 9, 10]).
	 LN : [6. 6. 6. 6. 6. 6. 6. 6. 6. 6. 6. 6. 6. 5. 5. 5. 5. 5. 5. 5.]
	 RN : [7. 7. 7. 7. 7. 7. 7. 7. 7. 7. 7. 6. 6. 6. 6. 6. 6. 6. 6. 6.]
	 Queue Understanding : deque([13, 14, 15, 16, 17, 18, 19, 0, 1, 2, 3, 4, 5, 6, 7, 8, 9, 10])
23:08: I'm 12 and sending the token to 13.
	 LN : [6. 6. 6. 6. 6. 6. 6. 6. 6. 6. 6. 6. 6. 5. 5. 5. 5. 5. 5. 5.]
	 RN : [7. 7. 7. 7. 7. 7. 7. 7. 7. 7. 7. 6. 6. 6. 6. 6. 6. 6. 6. 6.]
	 Queue Understanding : deque([14, 15, 16, 17, 18, 19, 0, 1, 2, 3, 4, 5, 6, 7, 8, 9, 10])
23:10: I'm 12 and want a token for the 7 time.
	 LN : [6. 6. 6. 6. 6. 6. 6. 6. 6. 6. 6. 6. 6. 5. 5. 5. 5. 5. 5. 5.]
	 RN : [7. 7. 7. 7. 7. 7. 7. 7. 7. 7. 7. 7. 7. 6. 6. 6. 6. 6. 6. 6.]
	 Queue Understanding : deque([14, 15, 16, 17, 18, 19, 0, 1, 2, 3, 4, 5, 6, 7, 8, 9, 10])
24:14: I'm 12 and I got a token.
	 LN : [6. 6. 6. 6. 6. 6. 6. 6. 6. 6. 6. 6. 6. 5. 5. 5. 5. 5. 5. 5.]
	 RN : [8. 8. 8. 8. 8. 8. 8. 8. 8. 8. 8. 7. 7. 7. 7. 7. 7. 7. 7. 7.]
	 Queue Understanding : deque([14, 15, 16, 17, 18, 19, 0, 1, 2, 3, 4, 5, 6, 7, 8, 9, 10])
24:14: I am 12 and execute 7 CS.
	 LN : [7. 7. 7. 7. 7. 7. 7. 7. 7. 7. 7. 7. 6. 6. 6. 6. 6. 6. 6. 6.]
	 RN : [8. 8. 8. 8. 8. 8. 8. 8. 8. 8. 8. 7. 7. 7. 7. 7. 7. 7. 7. 7.]
	 Queue Understanding : deque([13, 14, 15, 16, 17, 18, 19, 0, 1, 2, 3, 4, 5, 6, 7, 8, 9])
24:17: I'm 12 and finished 7 CS.
	 LN : [7. 7. 7. 7. 7. 7. 7. 7. 7. 7. 7. 7. 6. 6. 6. 6. 6. 6. 6. 6.]
	 RN : [8. 8. 8. 8. 8. 8. 8. 8. 8. 8. 8. 7. 7. 7. 7. 7. 7. 7. 7. 7.]
	 Queue Understanding : deque([13, 14, 15, 16, 17, 18, 19, 0, 1, 2, 3, 4, 5, 6, 7, 8, 9])
24:17: I'm 12 and it adds 10 to the queue. Queue after adding: deque([13, 14, 15, 16, 17, 18, 19, 0, 1, 2, 3, 4, 5, 6, 7, 8, 9, 10]).
	 LN : [7. 7. 7. 7. 7. 7. 7. 7. 7. 7. 7. 7. 7. 6. 6. 6. 6. 6. 6. 6.]
	 RN : [8. 8. 8. 8. 8. 8. 8. 8. 8. 8. 8. 7. 7. 7. 7. 7. 7. 7. 7. 7.]
	 Queue Understanding : deque([13, 14, 15, 16, 17, 18, 19, 0, 1, 2, 3, 4, 5, 6, 7, 8, 9, 10])
24:17: I'm 12 and sending the token to 13.
	 LN : [7. 7. 7. 7. 7. 7. 7. 7. 7. 7. 7. 7. 7. 6. 6. 6. 6. 6. 6. 6.]
	 RN : [8. 8. 8. 8. 8. 8. 8. 8. 8. 8. 8. 7. 7. 7. 7. 7. 7. 7. 7. 7.]
	 Queue Understanding : deque([14, 15, 16, 17, 18, 19, 0, 1, 2, 3, 4, 5, 6, 7, 8, 9, 10])
24:19: I'm 12 and want a token for the 8 time.
	 LN : [7. 7. 7. 7. 7. 7. 7. 7. 7. 7. 7. 7. 7. 6. 6. 6. 6. 6. 6. 6.]
	 RN : [8. 8. 8. 8. 8. 8. 8. 8. 8. 8. 8. 8. 8. 7. 7. 7. 7. 7. 7. 7.]
	 Queue Understanding : deque([14, 15, 16, 17, 18, 19, 0, 1, 2, 3, 4, 5, 6, 7, 8, 9, 10])
25:19: I'm 12 and I got a token.
	 LN : [7. 7. 7. 7. 7. 7. 7. 7. 7. 7. 7. 7. 7. 6. 6. 6. 6. 6. 6. 6.]
	 RN : [9. 9. 9. 9. 9. 9. 9. 9. 9. 9. 9. 8. 8. 8. 8. 8. 8. 8. 8. 8.]
	 Queue Understanding : deque([14, 15, 16, 17, 18, 19, 0, 1, 2, 3, 4, 5, 6, 7, 8, 9, 10])
25:19: I am 12 and execute 8 CS.
	 LN : [8. 8. 8. 8. 8. 8. 8. 8. 8. 8. 8. 8. 7. 7. 7. 7. 7. 7. 7. 7.]
	 RN : [9. 9. 9. 9. 9. 9. 9. 9. 9. 9. 9. 8. 8. 8. 8. 8. 8. 8. 8. 8.]
	 Queue Understanding : deque([13, 14, 15, 16, 17, 18, 19, 0, 1, 2, 3, 4, 5, 6, 7, 8, 9])
25:21: I'm 12 and finished 8 CS.
	 LN : [8. 8. 8. 8. 8. 8. 8. 8. 8. 8. 8. 8. 7. 7. 7. 7. 7. 7. 7. 7.]
	 RN : [9. 9. 9. 9. 9. 9. 9. 9. 9. 9. 9. 8. 8. 8. 8. 8. 8. 8. 8. 8.]
	 Queue Understanding : deque([13, 14, 15, 16, 17, 18, 19, 0, 1, 2, 3, 4, 5, 6, 7, 8, 9])
25:21: I'm 12 and it adds 10 to the queue. Queue after adding: deque([13, 14, 15, 16, 17, 18, 19, 0, 1, 2, 3, 4, 5, 6, 7, 8, 9, 10]).
	 LN : [8. 8. 8. 8. 8. 8. 8. 8. 8. 8. 8. 8. 8. 7. 7. 7. 7. 7. 7. 7.]
	 RN : [9. 9. 9. 9. 9. 9. 9. 9. 9. 9. 9. 8. 8. 8. 8. 8. 8. 8. 8. 8.]
	 Queue Understanding : deque([13, 14, 15, 16, 17, 18, 19, 0, 1, 2, 3, 4, 5, 6, 7, 8, 9, 10])
25:21: I'm 12 and sending the token to 13.
	 LN : [8. 8. 8. 8. 8. 8. 8. 8. 8. 8. 8. 8. 8. 7. 7. 7. 7. 7. 7. 7.]
	 RN : [9. 9. 9. 9. 9. 9. 9. 9. 9. 9. 9. 8. 8. 8. 8. 8. 8. 8. 8. 8.]
	 Queue Understanding : deque([14, 15, 16, 17, 18, 19, 0, 1, 2, 3, 4, 5, 6, 7, 8, 9, 10])
25:24: I'm 12 and want a token for the 9 time.
	 LN : [8. 8. 8. 8. 8. 8. 8. 8. 8. 8. 8. 8. 8. 7. 7. 7. 7. 7. 7. 7.]
	 RN : [9. 9. 9. 9. 9. 9. 9. 9. 9. 9. 9. 9. 9. 8. 8. 8. 8. 8. 8. 8.]
	 Queue Understanding : deque([14, 15, 16, 17, 18, 19, 0, 1, 2, 3, 4, 5, 6, 7, 8, 9, 10])
26:34: I'm 12 and I got a token.
	 LN : [8. 8. 8. 8. 8. 8. 8. 8. 8. 8. 8. 8. 8. 7. 7. 7. 7. 7. 7. 7.]
	 RN : [10. 10. 10. 10. 10. 10. 10. 10. 10. 10. 10.  9.  9.  9.  9.  9.  9.  9.
  9.  9.]
	 Queue Understanding : deque([14, 15, 16, 17, 18, 19, 0, 1, 2, 3, 4, 5, 6, 7, 8, 9, 10])
26:34: I am 12 and execute 9 CS.
	 LN : [9. 9. 9. 9. 9. 9. 9. 9. 9. 9. 9. 9. 8. 8. 8. 8. 8. 8. 8. 8.]
	 RN : [10. 10. 10. 10. 10. 10. 10. 10. 10. 10. 10.  9.  9.  9.  9.  9.  9.  9.
  9.  9.]
	 Queue Understanding : deque([13, 14, 15, 16, 17, 18, 19, 0, 1, 2, 3, 4, 5, 6, 7, 8, 9])
26:37: I'm 12 and finished 9 CS.
	 LN : [9. 9. 9. 9. 9. 9. 9. 9. 9. 9. 9. 9. 8. 8. 8. 8. 8. 8. 8. 8.]
	 RN : [10. 10. 10. 10. 10. 10. 10. 10. 10. 10. 10.  9.  9.  9.  9.  9.  9.  9.
  9.  9.]
	 Queue Understanding : deque([13, 14, 15, 16, 17, 18, 19, 0, 1, 2, 3, 4, 5, 6, 7, 8, 9])
26:37: I'm 12 and it adds 10 to the queue. Queue after adding: deque([13, 14, 15, 16, 17, 18, 19, 0, 1, 2, 3, 4, 5, 6, 7, 8, 9, 10]).
	 LN : [9. 9. 9. 9. 9. 9. 9. 9. 9. 9. 9. 9. 9. 8. 8. 8. 8. 8. 8. 8.]
	 RN : [10. 10. 10. 10. 10. 10. 10. 10. 10. 10. 10.  9.  9.  9.  9.  9.  9.  9.
  9.  9.]
	 Queue Understanding : deque([13, 14, 15, 16, 17, 18, 19, 0, 1, 2, 3, 4, 5, 6, 7, 8, 9, 10])
26:37: I'm 12 and sending the token to 13.
	 LN : [9. 9. 9. 9. 9. 9. 9. 9. 9. 9. 9. 9. 9. 8. 8. 8. 8. 8. 8. 8.]
	 RN : [10. 10. 10. 10. 10. 10. 10. 10. 10. 10. 10.  9.  9.  9.  9.  9.  9.  9.
  9.  9.]
	 Queue Understanding : deque([14, 15, 16, 17, 18, 19, 0, 1, 2, 3, 4, 5, 6, 7, 8, 9, 10])
26:39: I'm 12 and want a token for the 10 time.
	 LN : [9. 9. 9. 9. 9. 9. 9. 9. 9. 9. 9. 9. 9. 8. 8. 8. 8. 8. 8. 8.]
	 RN : [10. 10. 10. 10. 10. 10. 10. 10. 10. 10. 10. 10. 10.  9.  9.  9.  9.  9.
  9.  9.]
	 Queue Understanding : deque([14, 15, 16, 17, 18, 19, 0, 1, 2, 3, 4, 5, 6, 7, 8, 9, 10])
27:44: I'm 12 and I got a token.
	 LN : [9. 9. 9. 9. 9. 9. 9. 9. 9. 9. 9. 9. 9. 8. 8. 8. 8. 8. 8. 8.]
	 RN : [11. 11. 11. 11. 11. 11. 11. 11. 11. 11. 11. 10. 10. 10. 10. 10. 10. 10.
 10. 10.]
	 Queue Understanding : deque([14, 15, 16, 17, 18, 19, 0, 1, 2, 3, 4, 5, 6, 7, 8, 9, 10])
27:44: I am 12 and execute 10 CS.
	 LN : [10. 10. 10. 10. 10. 10. 10. 10. 10. 10. 10. 10.  9.  9.  9.  9.  9.  9.
  9.  9.]
	 RN : [11. 11. 11. 11. 11. 11. 11. 11. 11. 11. 11. 10. 10. 10. 10. 10. 10. 10.
 10. 10.]
	 Queue Understanding : deque([13, 14, 15, 16, 17, 18, 19, 0, 1, 2, 3, 4, 5, 6, 7, 8, 9])
27:46: I'm 12 and finished 10 CS.
	 LN : [10. 10. 10. 10. 10. 10. 10. 10. 10. 10. 10. 10.  9.  9.  9.  9.  9.  9.
  9.  9.]
	 RN : [11. 11. 11. 11. 11. 11. 11. 11. 11. 11. 11. 10. 10. 10. 10. 10. 10. 10.
 10. 10.]
	 Queue Understanding : deque([13, 14, 15, 16, 17, 18, 19, 0, 1, 2, 3, 4, 5, 6, 7, 8, 9])
27:46: I'm 12 and it adds 10 to the queue. Queue after adding: deque([13, 14, 15, 16, 17, 18, 19, 0, 1, 2, 3, 4, 5, 6, 7, 8, 9, 10]).
	 LN : [10. 10. 10. 10. 10. 10. 10. 10. 10. 10. 10. 10. 10.  9.  9.  9.  9.  9.
  9.  9.]
	 RN : [11. 11. 11. 11. 11. 11. 11. 11. 11. 11. 11. 10. 10. 10. 10. 10. 10. 10.
 10. 10.]
	 Queue Understanding : deque([13, 14, 15, 16, 17, 18, 19, 0, 1, 2, 3, 4, 5, 6, 7, 8, 9, 10])
27:46: I'm 12 and sending the token to 13.
	 LN : [10. 10. 10. 10. 10. 10. 10. 10. 10. 10. 10. 10. 10.  9.  9.  9.  9.  9.
  9.  9.]
	 RN : [11. 11. 11. 11. 11. 11. 11. 11. 11. 11. 11. 10. 10. 10. 10. 10. 10. 10.
 10. 10.]
	 Queue Understanding : deque([14, 15, 16, 17, 18, 19, 0, 1, 2, 3, 4, 5, 6, 7, 8, 9, 10])
27:48: I'm 12 and want a token for the 11 time.
	 LN : [10. 10. 10. 10. 10. 10. 10. 10. 10. 10. 10. 10. 10.  9.  9.  9.  9.  9.
  9.  9.]
	 RN : [11. 11. 11. 11. 11. 11. 11. 11. 11. 11. 11. 11. 11. 10. 10. 10. 10. 10.
 10. 10.]
	 Queue Understanding : deque([14, 15, 16, 17, 18, 19, 0, 1, 2, 3, 4, 5, 6, 7, 8, 9, 10])
28:53: I'm 12 and I got a token.
	 LN : [10. 10. 10. 10. 10. 10. 10. 10. 10. 10. 10. 10. 10.  9.  9.  9.  9.  9.
  9.  9.]
	 RN : [12. 12. 12. 12. 12. 12. 12. 12. 12. 12. 12. 11. 11. 11. 11. 11. 11. 11.
 11. 11.]
	 Queue Understanding : deque([14, 15, 16, 17, 18, 19, 0, 1, 2, 3, 4, 5, 6, 7, 8, 9, 10])
28:53: I am 12 and execute 11 CS.
	 LN : [11. 11. 11. 11. 11. 11. 11. 11. 11. 11. 11. 11. 10. 10. 10. 10. 10. 10.
 10. 10.]
	 RN : [12. 12. 12. 12. 12. 12. 12. 12. 12. 12. 12. 11. 11. 11. 11. 11. 11. 11.
 11. 11.]
	 Queue Understanding : deque([13, 14, 15, 16, 17, 18, 19, 0, 1, 2, 3, 4, 5, 6, 7, 8, 9])
28:57: I'm 12 and finished 11 CS.
	 LN : [11. 11. 11. 11. 11. 11. 11. 11. 11. 11. 11. 11. 10. 10. 10. 10. 10. 10.
 10. 10.]
	 RN : [12. 12. 12. 12. 12. 12. 12. 12. 12. 12. 12. 11. 11. 11. 11. 11. 11. 11.
 11. 11.]
	 Queue Understanding : deque([13, 14, 15, 16, 17, 18, 19, 0, 1, 2, 3, 4, 5, 6, 7, 8, 9])
28:57: I'm 12 and it adds 10 to the queue. Queue after adding: deque([13, 14, 15, 16, 17, 18, 19, 0, 1, 2, 3, 4, 5, 6, 7, 8, 9, 10]).
	 LN : [11. 11. 11. 11. 11. 11. 11. 11. 11. 11. 11. 11. 11. 10. 10. 10. 10. 10.
 10. 10.]
	 RN : [12. 12. 12. 12. 12. 12. 12. 12. 12. 12. 12. 11. 11. 11. 11. 11. 11. 11.
 11. 11.]
	 Queue Understanding : deque([13, 14, 15, 16, 17, 18, 19, 0, 1, 2, 3, 4, 5, 6, 7, 8, 9, 10])
28:57: I'm 12 and sending the token to 13.
	 LN : [11. 11. 11. 11. 11. 11. 11. 11. 11. 11. 11. 11. 11. 10. 10. 10. 10. 10.
 10. 10.]
	 RN : [12. 12. 12. 12. 12. 12. 12. 12. 12. 12. 12. 11. 11. 11. 11. 11. 11. 11.
 11. 11.]
	 Queue Understanding : deque([14, 15, 16, 17, 18, 19, 0, 1, 2, 3, 4, 5, 6, 7, 8, 9, 10])
29:00: I'm 12 and want a token for the 12 time.
	 LN : [11. 11. 11. 11. 11. 11. 11. 11. 11. 11. 11. 11. 11. 10. 10. 10. 10. 10.
 10. 10.]
	 RN : [12. 12. 12. 12. 12. 12. 12. 12. 12. 12. 12. 12. 12. 11. 11. 11. 11. 11.
 11. 11.]
	 Queue Understanding : deque([14, 15, 16, 17, 18, 19, 0, 1, 2, 3, 4, 5, 6, 7, 8, 9, 10])
30:03: I'm 12 and I got a token.
	 LN : [11. 11. 11. 11. 11. 11. 11. 11. 11. 11. 11. 11. 11. 10. 10. 10. 10. 10.
 10. 10.]
	 RN : [13. 13. 13. 13. 13. 13. 13. 13. 13. 13. 13. 12. 12. 12. 12. 12. 12. 12.
 12. 12.]
	 Queue Understanding : deque([14, 15, 16, 17, 18, 19, 0, 1, 2, 3, 4, 5, 6, 7, 8, 9, 10])
30:03: I am 12 and execute 12 CS.
	 LN : [12. 12. 12. 12. 12. 12. 12. 12. 12. 12. 12. 12. 11. 11. 11. 11. 11. 11.
 11. 11.]
	 RN : [13. 13. 13. 13. 13. 13. 13. 13. 13. 13. 13. 12. 12. 12. 12. 12. 12. 12.
 12. 12.]
	 Queue Understanding : deque([13, 14, 15, 16, 17, 18, 19, 0, 1, 2, 3, 4, 5, 6, 7, 8, 9])
30:06: I'm 12 and finished 12 CS.
	 LN : [12. 12. 12. 12. 12. 12. 12. 12. 12. 12. 12. 12. 11. 11. 11. 11. 11. 11.
 11. 11.]
	 RN : [13. 13. 13. 13. 13. 13. 13. 13. 13. 13. 13. 12. 12. 12. 12. 12. 12. 12.
 12. 12.]
	 Queue Understanding : deque([13, 14, 15, 16, 17, 18, 19, 0, 1, 2, 3, 4, 5, 6, 7, 8, 9])
30:06: I'm 12 and it adds 10 to the queue. Queue after adding: deque([13, 14, 15, 16, 17, 18, 19, 0, 1, 2, 3, 4, 5, 6, 7, 8, 9, 10]).
	 LN : [12. 12. 12. 12. 12. 12. 12. 12. 12. 12. 12. 12. 12. 11. 11. 11. 11. 11.
 11. 11.]
	 RN : [13. 13. 13. 13. 13. 13. 13. 13. 13. 13. 13. 12. 12. 12. 12. 12. 12. 12.
 12. 12.]
	 Queue Understanding : deque([13, 14, 15, 16, 17, 18, 19, 0, 1, 2, 3, 4, 5, 6, 7, 8, 9, 10])
30:06: I'm 12 and sending the token to 13.
	 LN : [12. 12. 12. 12. 12. 12. 12. 12. 12. 12. 12. 12. 12. 11. 11. 11. 11. 11.
 11. 11.]
	 RN : [13. 13. 13. 13. 13. 13. 13. 13. 13. 13. 13. 12. 12. 12. 12. 12. 12. 12.
 12. 12.]
	 Queue Understanding : deque([14, 15, 16, 17, 18, 19, 0, 1, 2, 3, 4, 5, 6, 7, 8, 9, 10])
30:09: I'm 12 and want a token for the 13 time.
	 LN : [12. 12. 12. 12. 12. 12. 12. 12. 12. 12. 12. 12. 12. 11. 11. 11. 11. 11.
 11. 11.]
	 RN : [13. 13. 13. 13. 13. 13. 13. 13. 13. 13. 13. 13. 13. 12. 12. 12. 12. 12.
 12. 12.]
	 Queue Understanding : deque([14, 15, 16, 17, 18, 19, 0, 1, 2, 3, 4, 5, 6, 7, 8, 9, 10])
31:18: I'm 12 and I got a token.
	 LN : [12. 12. 12. 12. 12. 12. 12. 12. 12. 12. 12. 12. 12. 11. 11. 11. 11. 11.
 11. 11.]
	 RN : [14. 14. 14. 14. 14. 14. 14. 14. 14. 14. 14. 13. 13. 13. 13. 13. 13. 13.
 13. 13.]
	 Queue Understanding : deque([14, 15, 16, 17, 18, 19, 0, 1, 2, 3, 4, 5, 6, 7, 8, 9, 10])
31:18: I am 12 and execute 13 CS.
	 LN : [13. 13. 13. 13. 13. 13. 13. 13. 13. 13. 13. 13. 12. 12. 12. 12. 12. 12.
 12. 12.]
	 RN : [14. 14. 14. 14. 14. 14. 14. 14. 14. 14. 14. 13. 13. 13. 13. 13. 13. 13.
 13. 13.]
	 Queue Understanding : deque([13, 14, 15, 16, 17, 18, 19, 0, 1, 2, 3, 4, 5, 6, 7, 8, 9])
31:21: I'm 12 and finished 13 CS.
	 LN : [13. 13. 13. 13. 13. 13. 13. 13. 13. 13. 13. 13. 12. 12. 12. 12. 12. 12.
 12. 12.]
	 RN : [14. 14. 14. 14. 14. 14. 14. 14. 14. 14. 14. 13. 13. 13. 13. 13. 13. 13.
 13. 13.]
	 Queue Understanding : deque([13, 14, 15, 16, 17, 18, 19, 0, 1, 2, 3, 4, 5, 6, 7, 8, 9])
31:21: I'm 12 and it adds 10 to the queue. Queue after adding: deque([13, 14, 15, 16, 17, 18, 19, 0, 1, 2, 3, 4, 5, 6, 7, 8, 9, 10]).
	 LN : [13. 13. 13. 13. 13. 13. 13. 13. 13. 13. 13. 13. 13. 12. 12. 12. 12. 12.
 12. 12.]
	 RN : [14. 14. 14. 14. 14. 14. 14. 14. 14. 14. 14. 13. 13. 13. 13. 13. 13. 13.
 13. 13.]
	 Queue Understanding : deque([13, 14, 15, 16, 17, 18, 19, 0, 1, 2, 3, 4, 5, 6, 7, 8, 9, 10])
31:21: I'm 12 and sending the token to 13.
	 LN : [13. 13. 13. 13. 13. 13. 13. 13. 13. 13. 13. 13. 13. 12. 12. 12. 12. 12.
 12. 12.]
	 RN : [14. 14. 14. 14. 14. 14. 14. 14. 14. 14. 14. 13. 13. 13. 13. 13. 13. 13.
 13. 13.]
	 Queue Understanding : deque([14, 15, 16, 17, 18, 19, 0, 1, 2, 3, 4, 5, 6, 7, 8, 9, 10])
31:24: I'm 12 and want a token for the 14 time.
	 LN : [13. 13. 13. 13. 13. 13. 13. 13. 13. 13. 13. 13. 13. 12. 12. 12. 12. 12.
 12. 12.]
	 RN : [14. 14. 14. 14. 14. 14. 14. 14. 14. 14. 14. 14. 14. 13. 13. 13. 13. 13.
 13. 13.]
	 Queue Understanding : deque([14, 15, 16, 17, 18, 19, 0, 1, 2, 3, 4, 5, 6, 7, 8, 9, 10])
32:21: I'm 12 and I got a token.
	 LN : [13. 13. 13. 13. 13. 13. 13. 13. 13. 13. 13. 13. 13. 12. 12. 12. 12. 12.
 12. 12.]
	 RN : [15. 15. 15. 15. 15. 15. 15. 15. 15. 15. 15. 14. 14. 14. 14. 14. 14. 14.
 14. 14.]
	 Queue Understanding : deque([14, 15, 16, 17, 18, 19, 0, 1, 2, 3, 4, 5, 6, 7, 8, 9, 10])
32:21: I am 12 and execute 14 CS.
	 LN : [14. 14. 14. 14. 14. 14. 14. 14. 14. 14. 14. 14. 13. 13. 13. 13. 13. 13.
 13. 13.]
	 RN : [15. 15. 15. 15. 15. 15. 15. 15. 15. 15. 15. 14. 14. 14. 14. 14. 14. 14.
 14. 14.]
	 Queue Understanding : deque([13, 14, 15, 16, 17, 18, 19, 0, 1, 2, 3, 4, 5, 6, 7, 8, 9])
32:23: I'm 12 and finished 14 CS.
	 LN : [14. 14. 14. 14. 14. 14. 14. 14. 14. 14. 14. 14. 13. 13. 13. 13. 13. 13.
 13. 13.]
	 RN : [15. 15. 15. 15. 15. 15. 15. 15. 15. 15. 15. 14. 14. 14. 14. 14. 14. 14.
 14. 14.]
	 Queue Understanding : deque([13, 14, 15, 16, 17, 18, 19, 0, 1, 2, 3, 4, 5, 6, 7, 8, 9])
32:23: I'm 12 and it adds 10 to the queue. Queue after adding: deque([13, 14, 15, 16, 17, 18, 19, 0, 1, 2, 3, 4, 5, 6, 7, 8, 9, 10]).
	 LN : [14. 14. 14. 14. 14. 14. 14. 14. 14. 14. 14. 14. 14. 13. 13. 13. 13. 13.
 13. 13.]
	 RN : [15. 15. 15. 15. 15. 15. 15. 15. 15. 15. 15. 14. 14. 14. 14. 14. 14. 14.
 14. 14.]
	 Queue Understanding : deque([13, 14, 15, 16, 17, 18, 19, 0, 1, 2, 3, 4, 5, 6, 7, 8, 9, 10])
32:23: I'm 12 and sending the token to 13.
	 LN : [14. 14. 14. 14. 14. 14. 14. 14. 14. 14. 14. 14. 14. 13. 13. 13. 13. 13.
 13. 13.]
	 RN : [15. 15. 15. 15. 15. 15. 15. 15. 15. 15. 15. 14. 14. 14. 14. 14. 14. 14.
 14. 14.]
	 Queue Understanding : deque([14, 15, 16, 17, 18, 19, 0, 1, 2, 3, 4, 5, 6, 7, 8, 9, 10])
32:25: I'm 12 and want a token for the 15 time.
	 LN : [14. 14. 14. 14. 14. 14. 14. 14. 14. 14. 14. 14. 14. 13. 13. 13. 13. 13.
 13. 13.]
	 RN : [15. 15. 15. 15. 15. 15. 15. 15. 15. 15. 15. 15. 15. 14. 14. 14. 14. 14.
 14. 14.]
	 Queue Understanding : deque([14, 15, 16, 17, 18, 19, 0, 1, 2, 3, 4, 5, 6, 7, 8, 9, 10])
33:32: I'm 12 and I got a token.
	 LN : [14. 14. 14. 14. 14. 14. 14. 14. 14. 14. 14. 14. 14. 13. 13. 13. 13. 13.
 13. 13.]
	 RN : [16. 16. 16. 16. 16. 16. 16. 16. 16. 16. 16. 15. 15. 15. 15. 15. 15. 15.
 15. 15.]
	 Queue Understanding : deque([14, 15, 16, 17, 18, 19, 0, 1, 2, 3, 4, 5, 6, 7, 8, 9, 10])
33:32: I am 12 and execute 15 CS.
	 LN : [15. 15. 15. 15. 15. 15. 15. 15. 15. 15. 15. 15. 14. 14. 14. 14. 14. 14.
 14. 14.]
	 RN : [16. 16. 16. 16. 16. 16. 16. 16. 16. 16. 16. 15. 15. 15. 15. 15. 15. 15.
 15. 15.]
	 Queue Understanding : deque([13, 14, 15, 16, 17, 18, 19, 0, 1, 2, 3, 4, 5, 6, 7, 8, 9])
33:35: I'm 12 and finished 15 CS.
	 LN : [15. 15. 15. 15. 15. 15. 15. 15. 15. 15. 15. 15. 14. 14. 14. 14. 14. 14.
 14. 14.]
	 RN : [16. 16. 16. 16. 16. 16. 16. 16. 16. 16. 16. 15. 15. 15. 15. 15. 15. 15.
 15. 15.]
	 Queue Understanding : deque([13, 14, 15, 16, 17, 18, 19, 0, 1, 2, 3, 4, 5, 6, 7, 8, 9])
33:35: I'm 12 and it adds 10 to the queue. Queue after adding: deque([13, 14, 15, 16, 17, 18, 19, 0, 1, 2, 3, 4, 5, 6, 7, 8, 9, 10]).
	 LN : [15. 15. 15. 15. 15. 15. 15. 15. 15. 15. 15. 15. 15. 14. 14. 14. 14. 14.
 14. 14.]
	 RN : [16. 16. 16. 16. 16. 16. 16. 16. 16. 16. 16. 15. 15. 15. 15. 15. 15. 15.
 15. 15.]
	 Queue Understanding : deque([13, 14, 15, 16, 17, 18, 19, 0, 1, 2, 3, 4, 5, 6, 7, 8, 9, 10])
33:35: I'm 12 and sending the token to 13.
	 LN : [15. 15. 15. 15. 15. 15. 15. 15. 15. 15. 15. 15. 15. 14. 14. 14. 14. 14.
 14. 14.]
	 RN : [16. 16. 16. 16. 16. 16. 16. 16. 16. 16. 16. 15. 15. 15. 15. 15. 15. 15.
 15. 15.]
	 Queue Understanding : deque([14, 15, 16, 17, 18, 19, 0, 1, 2, 3, 4, 5, 6, 7, 8, 9, 10])
33:36: I'm 12 and want a token for the 16 time.
	 LN : [15. 15. 15. 15. 15. 15. 15. 15. 15. 15. 15. 15. 15. 14. 14. 14. 14. 14.
 14. 14.]
	 RN : [16. 16. 16. 16. 16. 16. 16. 16. 16. 16. 16. 16. 16. 15. 15. 15. 15. 15.
 15. 15.]
	 Queue Understanding : deque([14, 15, 16, 17, 18, 19, 0, 1, 2, 3, 4, 5, 6, 7, 8, 9, 10])
