16:27: I'm 4 and want a token for the 1 time.
	 LN : [0. 0. 0. 0. 0. 0. 0. 0. 0. 0. 0. 0. 0. 0. 0. 0. 0. 0. 0. 0.]
	 RN : [1. 1. 1. 1. 1. 0. 1. 1. 1. 1. 1. 1. 0. 1. 0. 1. 1. 1. 0. 0.]
	 Queue Understanding : deque([])
16:40: I'm 4 and I got a token.
	 LN : [0. 0. 0. 0. 0. 0. 0. 0. 0. 0. 0. 0. 0. 0. 0. 0. 0. 0. 0. 0.]
	 RN : [2. 2. 2. 1. 1. 1. 1. 1. 1. 1. 1. 1. 1. 1. 1. 1. 1. 1. 1. 1.]
	 Queue Understanding : deque([])
16:40: I am 4 and execute 1 CS.
	 LN : [1. 1. 1. 1. 0. 0. 0. 0. 0. 0. 0. 0. 0. 0. 0. 0. 0. 0. 0. 0.]
	 RN : [2. 2. 2. 1. 1. 1. 1. 1. 1. 1. 1. 1. 1. 1. 1. 1. 1. 1. 1. 1.]
	 Queue Understanding : deque([5, 6, 7, 8, 9, 10, 11, 12, 13, 14, 15, 16, 17, 18, 19, 0, 1])
16:42: I'm 4 and finished 1 CS.
	 LN : [1. 1. 1. 1. 0. 0. 0. 0. 0. 0. 0. 0. 0. 0. 0. 0. 0. 0. 0. 0.]
	 RN : [2. 2. 2. 1. 1. 1. 1. 1. 1. 1. 1. 1. 1. 1. 1. 1. 1. 1. 1. 1.]
	 Queue Understanding : deque([5, 6, 7, 8, 9, 10, 11, 12, 13, 14, 15, 16, 17, 18, 19, 0, 1])
16:42: I'm 4 and it adds 2 to the queue. Queue after adding: deque([5, 6, 7, 8, 9, 10, 11, 12, 13, 14, 15, 16, 17, 18, 19, 0, 1, 2]).
	 LN : [1. 1. 1. 1. 1. 0. 0. 0. 0. 0. 0. 0. 0. 0. 0. 0. 0. 0. 0. 0.]
	 RN : [2. 2. 2. 1. 1. 1. 1. 1. 1. 1. 1. 1. 1. 1. 1. 1. 1. 1. 1. 1.]
	 Queue Understanding : deque([5, 6, 7, 8, 9, 10, 11, 12, 13, 14, 15, 16, 17, 18, 19, 0, 1, 2])
16:42: I'm 4 and sending the token to 5.
	 LN : [1. 1. 1. 1. 1. 0. 0. 0. 0. 0. 0. 0. 0. 0. 0. 0. 0. 0. 0. 0.]
	 RN : [2. 2. 2. 1. 1. 1. 1. 1. 1. 1. 1. 1. 1. 1. 1. 1. 1. 1. 1. 1.]
	 Queue Understanding : deque([6, 7, 8, 9, 10, 11, 12, 13, 14, 15, 16, 17, 18, 19, 0, 1, 2])
16:45: I'm 4 and want a token for the 2 time.
	 LN : [1. 1. 1. 1. 1. 0. 0. 0. 0. 0. 0. 0. 0. 0. 0. 0. 0. 0. 0. 0.]
	 RN : [2. 2. 2. 2. 2. 1. 1. 1. 1. 1. 1. 1. 1. 1. 1. 1. 1. 1. 1. 1.]
	 Queue Understanding : deque([6, 7, 8, 9, 10, 11, 12, 13, 14, 15, 16, 17, 18, 19, 0, 1, 2])
17:41: I'm 4 and I got a token.
	 LN : [1. 1. 1. 1. 1. 0. 0. 0. 0. 0. 0. 0. 0. 0. 0. 0. 0. 0. 0. 0.]
	 RN : [3. 3. 3. 2. 2. 2. 2. 2. 2. 2. 2. 2. 2. 2. 2. 2. 2. 2. 2. 2.]
	 Queue Understanding : deque([6, 7, 8, 9, 10, 11, 12, 13, 14, 15, 16, 17, 18, 19, 0, 1, 2])
17:41: I am 4 and execute 2 CS.
	 LN : [2. 2. 2. 2. 1. 1. 1. 1. 1. 1. 1. 1. 1. 1. 1. 1. 1. 1. 1. 1.]
	 RN : [3. 3. 3. 2. 2. 2. 2. 2. 2. 2. 2. 2. 2. 2. 2. 2. 2. 2. 2. 2.]
	 Queue Understanding : deque([5, 6, 7, 8, 9, 10, 11, 12, 13, 14, 15, 16, 17, 18, 19, 0, 1])
17:44: I'm 4 and finished 2 CS.
	 LN : [2. 2. 2. 2. 1. 1. 1. 1. 1. 1. 1. 1. 1. 1. 1. 1. 1. 1. 1. 1.]
	 RN : [3. 3. 3. 2. 2. 2. 2. 2. 2. 2. 2. 2. 2. 2. 2. 2. 2. 2. 2. 2.]
	 Queue Understanding : deque([5, 6, 7, 8, 9, 10, 11, 12, 13, 14, 15, 16, 17, 18, 19, 0, 1])
17:44: I'm 4 and it adds 2 to the queue. Queue after adding: deque([5, 6, 7, 8, 9, 10, 11, 12, 13, 14, 15, 16, 17, 18, 19, 0, 1, 2]).
	 LN : [2. 2. 2. 2. 2. 1. 1. 1. 1. 1. 1. 1. 1. 1. 1. 1. 1. 1. 1. 1.]
	 RN : [3. 3. 3. 2. 2. 2. 2. 2. 2. 2. 2. 2. 2. 2. 2. 2. 2. 2. 2. 2.]
	 Queue Understanding : deque([5, 6, 7, 8, 9, 10, 11, 12, 13, 14, 15, 16, 17, 18, 19, 0, 1, 2])
17:44: I'm 4 and sending the token to 5.
	 LN : [2. 2. 2. 2. 2. 1. 1. 1. 1. 1. 1. 1. 1. 1. 1. 1. 1. 1. 1. 1.]
	 RN : [3. 3. 3. 2. 2. 2. 2. 2. 2. 2. 2. 2. 2. 2. 2. 2. 2. 2. 2. 2.]
	 Queue Understanding : deque([6, 7, 8, 9, 10, 11, 12, 13, 14, 15, 16, 17, 18, 19, 0, 1, 2])
17:46: I'm 4 and want a token for the 3 time.
	 LN : [2. 2. 2. 2. 2. 1. 1. 1. 1. 1. 1. 1. 1. 1. 1. 1. 1. 1. 1. 1.]
	 RN : [3. 3. 3. 3. 3. 2. 2. 2. 2. 2. 2. 2. 2. 2. 2. 2. 2. 2. 2. 2.]
	 Queue Understanding : deque([6, 7, 8, 9, 10, 11, 12, 13, 14, 15, 16, 17, 18, 19, 0, 1, 2])
18:55: I'm 4 and I got a token.
	 LN : [2. 2. 2. 2. 2. 1. 1. 1. 1. 1. 1. 1. 1. 1. 1. 1. 1. 1. 1. 1.]
	 RN : [4. 4. 4. 3. 3. 3. 3. 3. 3. 3. 3. 3. 3. 3. 3. 3. 3. 3. 3. 3.]
	 Queue Understanding : deque([6, 7, 8, 9, 10, 11, 12, 13, 14, 15, 16, 17, 18, 19, 0, 1, 2])
18:55: I am 4 and execute 3 CS.
	 LN : [3. 3. 3. 3. 2. 2. 2. 2. 2. 2. 2. 2. 2. 2. 2. 2. 2. 2. 2. 2.]
	 RN : [4. 4. 4. 3. 3. 3. 3. 3. 3. 3. 3. 3. 3. 3. 3. 3. 3. 3. 3. 3.]
	 Queue Understanding : deque([5, 6, 7, 8, 9, 10, 11, 12, 13, 14, 15, 16, 17, 18, 19, 0, 1])
18:57: I'm 4 and finished 3 CS.
	 LN : [3. 3. 3. 3. 2. 2. 2. 2. 2. 2. 2. 2. 2. 2. 2. 2. 2. 2. 2. 2.]
	 RN : [4. 4. 4. 3. 3. 3. 3. 3. 3. 3. 3. 3. 3. 3. 3. 3. 3. 3. 3. 3.]
	 Queue Understanding : deque([5, 6, 7, 8, 9, 10, 11, 12, 13, 14, 15, 16, 17, 18, 19, 0, 1])
18:57: I'm 4 and it adds 2 to the queue. Queue after adding: deque([5, 6, 7, 8, 9, 10, 11, 12, 13, 14, 15, 16, 17, 18, 19, 0, 1, 2]).
	 LN : [3. 3. 3. 3. 3. 2. 2. 2. 2. 2. 2. 2. 2. 2. 2. 2. 2. 2. 2. 2.]
	 RN : [4. 4. 4. 3. 3. 3. 3. 3. 3. 3. 3. 3. 3. 3. 3. 3. 3. 3. 3. 3.]
	 Queue Understanding : deque([5, 6, 7, 8, 9, 10, 11, 12, 13, 14, 15, 16, 17, 18, 19, 0, 1, 2])
18:57: I'm 4 and sending the token to 5.
	 LN : [3. 3. 3. 3. 3. 2. 2. 2. 2. 2. 2. 2. 2. 2. 2. 2. 2. 2. 2. 2.]
	 RN : [4. 4. 4. 3. 3. 3. 3. 3. 3. 3. 3. 3. 3. 3. 3. 3. 3. 3. 3. 3.]
	 Queue Understanding : deque([6, 7, 8, 9, 10, 11, 12, 13, 14, 15, 16, 17, 18, 19, 0, 1, 2])
18:58: I'm 4 and want a token for the 4 time.
	 LN : [3. 3. 3. 3. 3. 2. 2. 2. 2. 2. 2. 2. 2. 2. 2. 2. 2. 2. 2. 2.]
	 RN : [4. 4. 4. 4. 4. 3. 3. 3. 3. 3. 3. 3. 3. 3. 3. 3. 3. 3. 3. 3.]
	 Queue Understanding : deque([6, 7, 8, 9, 10, 11, 12, 13, 14, 15, 16, 17, 18, 19, 0, 1, 2])
20:07: I'm 4 and I got a token.
	 LN : [3. 3. 3. 3. 3. 2. 2. 2. 2. 2. 2. 2. 2. 2. 2. 2. 2. 2. 2. 2.]
	 RN : [5. 5. 5. 4. 4. 4. 4. 4. 4. 4. 4. 4. 4. 4. 4. 4. 4. 4. 4. 4.]
	 Queue Understanding : deque([6, 7, 8, 9, 10, 11, 12, 13, 14, 15, 16, 17, 18, 19, 0, 1, 2])
20:07: I am 4 and execute 4 CS.
	 LN : [4. 4. 4. 4. 3. 3. 3. 3. 3. 3. 3. 3. 3. 3. 3. 3. 3. 3. 3. 3.]
	 RN : [5. 5. 5. 4. 4. 4. 4. 4. 4. 4. 4. 4. 4. 4. 4. 4. 4. 4. 4. 4.]
	 Queue Understanding : deque([5, 6, 7, 8, 9, 10, 11, 12, 13, 14, 15, 16, 17, 18, 19, 0, 1])
20:11: I'm 4 and finished 4 CS.
	 LN : [4. 4. 4. 4. 3. 3. 3. 3. 3. 3. 3. 3. 3. 3. 3. 3. 3. 3. 3. 3.]
	 RN : [5. 5. 5. 4. 4. 4. 4. 4. 4. 4. 4. 4. 4. 4. 4. 4. 4. 4. 4. 4.]
	 Queue Understanding : deque([5, 6, 7, 8, 9, 10, 11, 12, 13, 14, 15, 16, 17, 18, 19, 0, 1])
20:11: I'm 4 and it adds 2 to the queue. Queue after adding: deque([5, 6, 7, 8, 9, 10, 11, 12, 13, 14, 15, 16, 17, 18, 19, 0, 1, 2]).
	 LN : [4. 4. 4. 4. 4. 3. 3. 3. 3. 3. 3. 3. 3. 3. 3. 3. 3. 3. 3. 3.]
	 RN : [5. 5. 5. 4. 4. 4. 4. 4. 4. 4. 4. 4. 4. 4. 4. 4. 4. 4. 4. 4.]
	 Queue Understanding : deque([5, 6, 7, 8, 9, 10, 11, 12, 13, 14, 15, 16, 17, 18, 19, 0, 1, 2])
20:11: I'm 4 and sending the token to 5.
	 LN : [4. 4. 4. 4. 4. 3. 3. 3. 3. 3. 3. 3. 3. 3. 3. 3. 3. 3. 3. 3.]
	 RN : [5. 5. 5. 4. 4. 4. 4. 4. 4. 4. 4. 4. 4. 4. 4. 4. 4. 4. 4. 4.]
	 Queue Understanding : deque([6, 7, 8, 9, 10, 11, 12, 13, 14, 15, 16, 17, 18, 19, 0, 1, 2])
20:14: I'm 4 and want a token for the 5 time.
	 LN : [4. 4. 4. 4. 4. 3. 3. 3. 3. 3. 3. 3. 3. 3. 3. 3. 3. 3. 3. 3.]
	 RN : [5. 5. 5. 5. 5. 4. 4. 4. 4. 4. 4. 4. 4. 4. 4. 4. 4. 4. 4. 4.]
	 Queue Understanding : deque([6, 7, 8, 9, 10, 11, 12, 13, 14, 15, 16, 17, 18, 19, 0, 1, 2])
21:26: I'm 4 and I got a token.
	 LN : [4. 4. 4. 4. 4. 3. 3. 3. 3. 3. 3. 3. 3. 3. 3. 3. 3. 3. 3. 3.]
	 RN : [6. 6. 6. 5. 5. 5. 5. 5. 5. 5. 5. 5. 5. 5. 5. 5. 5. 5. 5. 5.]
	 Queue Understanding : deque([6, 7, 8, 9, 10, 11, 12, 13, 14, 15, 16, 17, 18, 19, 0, 1, 2])
21:26: I am 4 and execute 5 CS.
	 LN : [5. 5. 5. 5. 4. 4. 4. 4. 4. 4. 4. 4. 4. 4. 4. 4. 4. 4. 4. 4.]
	 RN : [6. 6. 6. 5. 5. 5. 5. 5. 5. 5. 5. 5. 5. 5. 5. 5. 5. 5. 5. 5.]
	 Queue Understanding : deque([5, 6, 7, 8, 9, 10, 11, 12, 13, 14, 15, 16, 17, 18, 19, 0, 1])
21:29: I'm 4 and finished 5 CS.
	 LN : [5. 5. 5. 5. 4. 4. 4. 4. 4. 4. 4. 4. 4. 4. 4. 4. 4. 4. 4. 4.]
	 RN : [6. 6. 6. 5. 5. 5. 5. 5. 5. 5. 5. 5. 5. 5. 5. 5. 5. 5. 5. 5.]
	 Queue Understanding : deque([5, 6, 7, 8, 9, 10, 11, 12, 13, 14, 15, 16, 17, 18, 19, 0, 1])
21:29: I'm 4 and it adds 2 to the queue. Queue after adding: deque([5, 6, 7, 8, 9, 10, 11, 12, 13, 14, 15, 16, 17, 18, 19, 0, 1, 2]).
	 LN : [5. 5. 5. 5. 5. 4. 4. 4. 4. 4. 4. 4. 4. 4. 4. 4. 4. 4. 4. 4.]
	 RN : [6. 6. 6. 5. 5. 5. 5. 5. 5. 5. 5. 5. 5. 5. 5. 5. 5. 5. 5. 5.]
	 Queue Understanding : deque([5, 6, 7, 8, 9, 10, 11, 12, 13, 14, 15, 16, 17, 18, 19, 0, 1, 2])
21:30: I'm 4 and sending the token to 5.
	 LN : [5. 5. 5. 5. 5. 4. 4. 4. 4. 4. 4. 4. 4. 4. 4. 4. 4. 4. 4. 4.]
	 RN : [6. 6. 6. 5. 5. 5. 5. 5. 5. 5. 5. 5. 5. 5. 5. 5. 5. 5. 5. 5.]
	 Queue Understanding : deque([6, 7, 8, 9, 10, 11, 12, 13, 14, 15, 16, 17, 18, 19, 0, 1, 2])
21:31: I'm 4 and want a token for the 6 time.
	 LN : [5. 5. 5. 5. 5. 4. 4. 4. 4. 4. 4. 4. 4. 4. 4. 4. 4. 4. 4. 4.]
	 RN : [6. 6. 6. 6. 6. 5. 5. 5. 5. 5. 5. 5. 5. 5. 5. 5. 5. 5. 5. 5.]
	 Queue Understanding : deque([6, 7, 8, 9, 10, 11, 12, 13, 14, 15, 16, 17, 18, 19, 0, 1, 2])
22:36: I'm 4 and I got a token.
	 LN : [5. 5. 5. 5. 5. 4. 4. 4. 4. 4. 4. 4. 4. 4. 4. 4. 4. 4. 4. 4.]
	 RN : [7. 7. 7. 6. 6. 6. 6. 6. 6. 6. 6. 6. 6. 6. 6. 6. 6. 6. 6. 6.]
	 Queue Understanding : deque([6, 7, 8, 9, 10, 11, 12, 13, 14, 15, 16, 17, 18, 19, 0, 1, 2])
22:36: I am 4 and execute 6 CS.
	 LN : [6. 6. 6. 6. 5. 5. 5. 5. 5. 5. 5. 5. 5. 5. 5. 5. 5. 5. 5. 5.]
	 RN : [7. 7. 7. 6. 6. 6. 6. 6. 6. 6. 6. 6. 6. 6. 6. 6. 6. 6. 6. 6.]
	 Queue Understanding : deque([5, 6, 7, 8, 9, 10, 11, 12, 13, 14, 15, 16, 17, 18, 19, 0, 1])
22:40: I'm 4 and finished 6 CS.
	 LN : [6. 6. 6. 6. 5. 5. 5. 5. 5. 5. 5. 5. 5. 5. 5. 5. 5. 5. 5. 5.]
	 RN : [7. 7. 7. 6. 6. 6. 6. 6. 6. 6. 6. 6. 6. 6. 6. 6. 6. 6. 6. 6.]
	 Queue Understanding : deque([5, 6, 7, 8, 9, 10, 11, 12, 13, 14, 15, 16, 17, 18, 19, 0, 1])
22:40: I'm 4 and it adds 2 to the queue. Queue after adding: deque([5, 6, 7, 8, 9, 10, 11, 12, 13, 14, 15, 16, 17, 18, 19, 0, 1, 2]).
	 LN : [6. 6. 6. 6. 6. 5. 5. 5. 5. 5. 5. 5. 5. 5. 5. 5. 5. 5. 5. 5.]
	 RN : [7. 7. 7. 6. 6. 6. 6. 6. 6. 6. 6. 6. 6. 6. 6. 6. 6. 6. 6. 6.]
	 Queue Understanding : deque([5, 6, 7, 8, 9, 10, 11, 12, 13, 14, 15, 16, 17, 18, 19, 0, 1, 2])
22:40: I'm 4 and sending the token to 5.
	 LN : [6. 6. 6. 6. 6. 5. 5. 5. 5. 5. 5. 5. 5. 5. 5. 5. 5. 5. 5. 5.]
	 RN : [7. 7. 7. 6. 6. 6. 6. 6. 6. 6. 6. 6. 6. 6. 6. 6. 6. 6. 6. 6.]
	 Queue Understanding : deque([6, 7, 8, 9, 10, 11, 12, 13, 14, 15, 16, 17, 18, 19, 0, 1, 2])
22:43: I'm 4 and want a token for the 7 time.
	 LN : [6. 6. 6. 6. 6. 5. 5. 5. 5. 5. 5. 5. 5. 5. 5. 5. 5. 5. 5. 5.]
	 RN : [7. 7. 7. 7. 7. 6. 6. 6. 6. 6. 6. 6. 6. 6. 6. 6. 6. 6. 6. 6.]
	 Queue Understanding : deque([6, 7, 8, 9, 10, 11, 12, 13, 14, 15, 16, 17, 18, 19, 0, 1, 2])
23:45: I'm 4 and I got a token.
	 LN : [6. 6. 6. 6. 6. 5. 5. 5. 5. 5. 5. 5. 5. 5. 5. 5. 5. 5. 5. 5.]
	 RN : [8. 8. 8. 7. 7. 7. 7. 7. 7. 7. 7. 7. 7. 7. 7. 7. 7. 7. 7. 7.]
	 Queue Understanding : deque([6, 7, 8, 9, 10, 11, 12, 13, 14, 15, 16, 17, 18, 19, 0, 1, 2])
23:45: I am 4 and execute 7 CS.
	 LN : [7. 7. 7. 7. 6. 6. 6. 6. 6. 6. 6. 6. 6. 6. 6. 6. 6. 6. 6. 6.]
	 RN : [8. 8. 8. 7. 7. 7. 7. 7. 7. 7. 7. 7. 7. 7. 7. 7. 7. 7. 7. 7.]
	 Queue Understanding : deque([5, 6, 7, 8, 9, 10, 11, 12, 13, 14, 15, 16, 17, 18, 19, 0, 1])
23:49: I'm 4 and finished 7 CS.
	 LN : [7. 7. 7. 7. 6. 6. 6. 6. 6. 6. 6. 6. 6. 6. 6. 6. 6. 6. 6. 6.]
	 RN : [8. 8. 8. 7. 7. 7. 7. 7. 7. 7. 7. 7. 7. 7. 7. 7. 7. 7. 7. 7.]
	 Queue Understanding : deque([5, 6, 7, 8, 9, 10, 11, 12, 13, 14, 15, 16, 17, 18, 19, 0, 1])
23:49: I'm 4 and it adds 2 to the queue. Queue after adding: deque([5, 6, 7, 8, 9, 10, 11, 12, 13, 14, 15, 16, 17, 18, 19, 0, 1, 2]).
	 LN : [7. 7. 7. 7. 7. 6. 6. 6. 6. 6. 6. 6. 6. 6. 6. 6. 6. 6. 6. 6.]
	 RN : [8. 8. 8. 7. 7. 7. 7. 7. 7. 7. 7. 7. 7. 7. 7. 7. 7. 7. 7. 7.]
	 Queue Understanding : deque([5, 6, 7, 8, 9, 10, 11, 12, 13, 14, 15, 16, 17, 18, 19, 0, 1, 2])
23:49: I'm 4 and sending the token to 5.
	 LN : [7. 7. 7. 7. 7. 6. 6. 6. 6. 6. 6. 6. 6. 6. 6. 6. 6. 6. 6. 6.]
	 RN : [8. 8. 8. 7. 7. 7. 7. 7. 7. 7. 7. 7. 7. 7. 7. 7. 7. 7. 7. 7.]
	 Queue Understanding : deque([6, 7, 8, 9, 10, 11, 12, 13, 14, 15, 16, 17, 18, 19, 0, 1, 2])
23:51: I'm 4 and want a token for the 8 time.
	 LN : [7. 7. 7. 7. 7. 6. 6. 6. 6. 6. 6. 6. 6. 6. 6. 6. 6. 6. 6. 6.]
	 RN : [8. 8. 8. 8. 8. 7. 7. 7. 7. 7. 7. 7. 7. 7. 7. 7. 7. 7. 7. 7.]
	 Queue Understanding : deque([6, 7, 8, 9, 10, 11, 12, 13, 14, 15, 16, 17, 18, 19, 0, 1, 2])
24:54: I'm 4 and I got a token.
	 LN : [7. 7. 7. 7. 7. 6. 6. 6. 6. 6. 6. 6. 6. 6. 6. 6. 6. 6. 6. 6.]
	 RN : [9. 9. 9. 8. 8. 8. 8. 8. 8. 8. 8. 8. 8. 8. 8. 8. 8. 8. 8. 8.]
	 Queue Understanding : deque([6, 7, 8, 9, 10, 11, 12, 13, 14, 15, 16, 17, 18, 19, 0, 1, 2])
24:54: I am 4 and execute 8 CS.
	 LN : [8. 8. 8. 8. 7. 7. 7. 7. 7. 7. 7. 7. 7. 7. 7. 7. 7. 7. 7. 7.]
	 RN : [9. 9. 9. 8. 8. 8. 8. 8. 8. 8. 8. 8. 8. 8. 8. 8. 8. 8. 8. 8.]
	 Queue Understanding : deque([5, 6, 7, 8, 9, 10, 11, 12, 13, 14, 15, 16, 17, 18, 19, 0, 1])
24:58: I'm 4 and finished 8 CS.
	 LN : [8. 8. 8. 8. 7. 7. 7. 7. 7. 7. 7. 7. 7. 7. 7. 7. 7. 7. 7. 7.]
	 RN : [9. 9. 9. 8. 8. 8. 8. 8. 8. 8. 8. 8. 8. 8. 8. 8. 8. 8. 8. 8.]
	 Queue Understanding : deque([5, 6, 7, 8, 9, 10, 11, 12, 13, 14, 15, 16, 17, 18, 19, 0, 1])
24:58: I'm 4 and it adds 2 to the queue. Queue after adding: deque([5, 6, 7, 8, 9, 10, 11, 12, 13, 14, 15, 16, 17, 18, 19, 0, 1, 2]).
	 LN : [8. 8. 8. 8. 8. 7. 7. 7. 7. 7. 7. 7. 7. 7. 7. 7. 7. 7. 7. 7.]
	 RN : [9. 9. 9. 8. 8. 8. 8. 8. 8. 8. 8. 8. 8. 8. 8. 8. 8. 8. 8. 8.]
	 Queue Understanding : deque([5, 6, 7, 8, 9, 10, 11, 12, 13, 14, 15, 16, 17, 18, 19, 0, 1, 2])
24:58: I'm 4 and sending the token to 5.
	 LN : [8. 8. 8. 8. 8. 7. 7. 7. 7. 7. 7. 7. 7. 7. 7. 7. 7. 7. 7. 7.]
	 RN : [9. 9. 9. 8. 8. 8. 8. 8. 8. 8. 8. 8. 8. 8. 8. 8. 8. 8. 8. 8.]
	 Queue Understanding : deque([6, 7, 8, 9, 10, 11, 12, 13, 14, 15, 16, 17, 18, 19, 0, 1, 2])
25:00: I'm 4 and want a token for the 9 time.
	 LN : [8. 8. 8. 8. 8. 7. 7. 7. 7. 7. 7. 7. 7. 7. 7. 7. 7. 7. 7. 7.]
	 RN : [9. 9. 9. 9. 9. 8. 8. 8. 8. 8. 8. 8. 8. 8. 8. 8. 8. 8. 8. 8.]
	 Queue Understanding : deque([6, 7, 8, 9, 10, 11, 12, 13, 14, 15, 16, 17, 18, 19, 0, 1, 2])
26:03: I'm 4 and I got a token.
	 LN : [8. 8. 8. 8. 8. 7. 7. 7. 7. 7. 7. 7. 7. 7. 7. 7. 7. 7. 7. 7.]
	 RN : [10. 10. 10.  9.  9.  9.  9.  9.  9.  9.  9.  9.  9.  9.  9.  9.  9.  9.
  9.  9.]
	 Queue Understanding : deque([6, 7, 8, 9, 10, 11, 12, 13, 14, 15, 16, 17, 18, 19, 0, 1, 2])
26:03: I am 4 and execute 9 CS.
	 LN : [9. 9. 9. 9. 8. 8. 8. 8. 8. 8. 8. 8. 8. 8. 8. 8. 8. 8. 8. 8.]
	 RN : [10. 10. 10.  9.  9.  9.  9.  9.  9.  9.  9.  9.  9.  9.  9.  9.  9.  9.
  9.  9.]
	 Queue Understanding : deque([5, 6, 7, 8, 9, 10, 11, 12, 13, 14, 15, 16, 17, 18, 19, 0, 1])
26:07: I'm 4 and finished 9 CS.
	 LN : [9. 9. 9. 9. 8. 8. 8. 8. 8. 8. 8. 8. 8. 8. 8. 8. 8. 8. 8. 8.]
	 RN : [10. 10. 10.  9.  9.  9.  9.  9.  9.  9.  9.  9.  9.  9.  9.  9.  9.  9.
  9.  9.]
	 Queue Understanding : deque([5, 6, 7, 8, 9, 10, 11, 12, 13, 14, 15, 16, 17, 18, 19, 0, 1])
26:07: I'm 4 and it adds 2 to the queue. Queue after adding: deque([5, 6, 7, 8, 9, 10, 11, 12, 13, 14, 15, 16, 17, 18, 19, 0, 1, 2]).
	 LN : [9. 9. 9. 9. 9. 8. 8. 8. 8. 8. 8. 8. 8. 8. 8. 8. 8. 8. 8. 8.]
	 RN : [10. 10. 10.  9.  9.  9.  9.  9.  9.  9.  9.  9.  9.  9.  9.  9.  9.  9.
  9.  9.]
	 Queue Understanding : deque([5, 6, 7, 8, 9, 10, 11, 12, 13, 14, 15, 16, 17, 18, 19, 0, 1, 2])
26:07: I'm 4 and sending the token to 5.
	 LN : [9. 9. 9. 9. 9. 8. 8. 8. 8. 8. 8. 8. 8. 8. 8. 8. 8. 8. 8. 8.]
	 RN : [10. 10. 10.  9.  9.  9.  9.  9.  9.  9.  9.  9.  9.  9.  9.  9.  9.  9.
  9.  9.]
	 Queue Understanding : deque([6, 7, 8, 9, 10, 11, 12, 13, 14, 15, 16, 17, 18, 19, 0, 1, 2])
26:08: I'm 4 and want a token for the 10 time.
	 LN : [9. 9. 9. 9. 9. 8. 8. 8. 8. 8. 8. 8. 8. 8. 8. 8. 8. 8. 8. 8.]
	 RN : [10. 10. 10. 10. 10.  9.  9.  9.  9.  9.  9.  9.  9.  9.  9.  9.  9.  9.
  9.  9.]
	 Queue Understanding : deque([6, 7, 8, 9, 10, 11, 12, 13, 14, 15, 16, 17, 18, 19, 0, 1, 2])
27:11: I'm 4 and I got a token.
	 LN : [9. 9. 9. 9. 9. 8. 8. 8. 8. 8. 8. 8. 8. 8. 8. 8. 8. 8. 8. 8.]
	 RN : [11. 11. 11. 10. 10. 10. 10. 10. 10. 10. 10. 10. 10. 10. 10. 10. 10. 10.
 10. 10.]
	 Queue Understanding : deque([6, 7, 8, 9, 10, 11, 12, 13, 14, 15, 16, 17, 18, 19, 0, 1, 2])
27:11: I am 4 and execute 10 CS.
	 LN : [10. 10. 10. 10.  9.  9.  9.  9.  9.  9.  9.  9.  9.  9.  9.  9.  9.  9.
  9.  9.]
	 RN : [11. 11. 11. 10. 10. 10. 10. 10. 10. 10. 10. 10. 10. 10. 10. 10. 10. 10.
 10. 10.]
	 Queue Understanding : deque([5, 6, 7, 8, 9, 10, 11, 12, 13, 14, 15, 16, 17, 18, 19, 0])
27:15: I'm 4 and finished 10 CS.
	 LN : [10. 10. 10. 10.  9.  9.  9.  9.  9.  9.  9.  9.  9.  9.  9.  9.  9.  9.
  9.  9.]
	 RN : [11. 11. 11. 10. 10. 10. 10. 10. 10. 10. 10. 10. 10. 10. 10. 10. 10. 10.
 10. 10.]
	 Queue Understanding : deque([5, 6, 7, 8, 9, 10, 11, 12, 13, 14, 15, 16, 17, 18, 19, 0])
27:15: I'm 4 and it adds 1 to the queue. Queue after adding: deque([5, 6, 7, 8, 9, 10, 11, 12, 13, 14, 15, 16, 17, 18, 19, 0, 1]).
	 LN : [10. 10. 10. 10. 10.  9.  9.  9.  9.  9.  9.  9.  9.  9.  9.  9.  9.  9.
  9.  9.]
	 RN : [11. 11. 11. 10. 10. 10. 10. 10. 10. 10. 10. 10. 10. 10. 10. 10. 10. 10.
 10. 10.]
	 Queue Understanding : deque([5, 6, 7, 8, 9, 10, 11, 12, 13, 14, 15, 16, 17, 18, 19, 0, 1])
27:15: I'm 4 and it adds 2 to the queue. Queue after adding: deque([5, 6, 7, 8, 9, 10, 11, 12, 13, 14, 15, 16, 17, 18, 19, 0, 1, 2]).
	 LN : [10. 10. 10. 10. 10.  9.  9.  9.  9.  9.  9.  9.  9.  9.  9.  9.  9.  9.
  9.  9.]
	 RN : [11. 11. 11. 10. 10. 10. 10. 10. 10. 10. 10. 10. 10. 10. 10. 10. 10. 10.
 10. 10.]
	 Queue Understanding : deque([5, 6, 7, 8, 9, 10, 11, 12, 13, 14, 15, 16, 17, 18, 19, 0, 1, 2])
27:15: I'm 4 and sending the token to 5.
	 LN : [10. 10. 10. 10. 10.  9.  9.  9.  9.  9.  9.  9.  9.  9.  9.  9.  9.  9.
  9.  9.]
	 RN : [11. 11. 11. 10. 10. 10. 10. 10. 10. 10. 10. 10. 10. 10. 10. 10. 10. 10.
 10. 10.]
	 Queue Understanding : deque([6, 7, 8, 9, 10, 11, 12, 13, 14, 15, 16, 17, 18, 19, 0, 1, 2])
27:17: I'm 4 and want a token for the 11 time.
	 LN : [10. 10. 10. 10. 10.  9.  9.  9.  9.  9.  9.  9.  9.  9.  9.  9.  9.  9.
  9.  9.]
	 RN : [11. 11. 11. 11. 11. 10. 10. 10. 10. 10. 10. 10. 10. 10. 10. 10. 10. 10.
 10. 10.]
	 Queue Understanding : deque([6, 7, 8, 9, 10, 11, 12, 13, 14, 15, 16, 17, 18, 19, 0, 1, 2])
28:25: I'm 4 and I got a token.
	 LN : [10. 10. 10. 10. 10.  9.  9.  9.  9.  9.  9.  9.  9.  9.  9.  9.  9.  9.
  9.  9.]
	 RN : [12. 12. 12. 11. 11. 11. 11. 11. 11. 11. 11. 11. 11. 11. 11. 11. 11. 11.
 11. 11.]
	 Queue Understanding : deque([6, 7, 8, 9, 10, 11, 12, 13, 14, 15, 16, 17, 18, 19, 0, 1, 2])
28:25: I am 4 and execute 11 CS.
	 LN : [11. 11. 11. 11. 10. 10. 10. 10. 10. 10. 10. 10. 10. 10. 10. 10. 10. 10.
 10. 10.]
	 RN : [12. 12. 12. 11. 11. 11. 11. 11. 11. 11. 11. 11. 11. 11. 11. 11. 11. 11.
 11. 11.]
	 Queue Understanding : deque([5, 6, 7, 8, 9, 10, 11, 12, 13, 14, 15, 16, 17, 18, 19, 0, 1])
28:30: I'm 4 and finished 11 CS.
	 LN : [11. 11. 11. 11. 10. 10. 10. 10. 10. 10. 10. 10. 10. 10. 10. 10. 10. 10.
 10. 10.]
	 RN : [12. 12. 12. 11. 11. 11. 11. 11. 11. 11. 11. 11. 11. 11. 11. 11. 11. 11.
 11. 11.]
	 Queue Understanding : deque([5, 6, 7, 8, 9, 10, 11, 12, 13, 14, 15, 16, 17, 18, 19, 0, 1])
28:30: I'm 4 and it adds 2 to the queue. Queue after adding: deque([5, 6, 7, 8, 9, 10, 11, 12, 13, 14, 15, 16, 17, 18, 19, 0, 1, 2]).
	 LN : [11. 11. 11. 11. 11. 10. 10. 10. 10. 10. 10. 10. 10. 10. 10. 10. 10. 10.
 10. 10.]
	 RN : [12. 12. 12. 11. 11. 11. 11. 11. 11. 11. 11. 11. 11. 11. 11. 11. 11. 11.
 11. 11.]
	 Queue Understanding : deque([5, 6, 7, 8, 9, 10, 11, 12, 13, 14, 15, 16, 17, 18, 19, 0, 1, 2])
28:30: I'm 4 and sending the token to 5.
	 LN : [11. 11. 11. 11. 11. 10. 10. 10. 10. 10. 10. 10. 10. 10. 10. 10. 10. 10.
 10. 10.]
	 RN : [12. 12. 12. 11. 11. 11. 11. 11. 11. 11. 11. 11. 11. 11. 11. 11. 11. 11.
 11. 11.]
	 Queue Understanding : deque([6, 7, 8, 9, 10, 11, 12, 13, 14, 15, 16, 17, 18, 19, 0, 1, 2])
28:32: I'm 4 and want a token for the 12 time.
	 LN : [11. 11. 11. 11. 11. 10. 10. 10. 10. 10. 10. 10. 10. 10. 10. 10. 10. 10.
 10. 10.]
	 RN : [12. 12. 12. 12. 12. 11. 11. 11. 11. 11. 11. 11. 11. 11. 11. 11. 11. 11.
 11. 11.]
	 Queue Understanding : deque([6, 7, 8, 9, 10, 11, 12, 13, 14, 15, 16, 17, 18, 19, 0, 1, 2])
29:37: I'm 4 and I got a token.
	 LN : [11. 11. 11. 11. 11. 10. 10. 10. 10. 10. 10. 10. 10. 10. 10. 10. 10. 10.
 10. 10.]
	 RN : [13. 13. 13. 12. 12. 12. 12. 12. 12. 12. 12. 12. 12. 12. 12. 12. 12. 12.
 12. 12.]
	 Queue Understanding : deque([6, 7, 8, 9, 10, 11, 12, 13, 14, 15, 16, 17, 18, 19, 0, 1, 2])
29:37: I am 4 and execute 12 CS.
	 LN : [12. 12. 12. 12. 11. 11. 11. 11. 11. 11. 11. 11. 11. 11. 11. 11. 11. 11.
 11. 11.]
	 RN : [13. 13. 13. 12. 12. 12. 12. 12. 12. 12. 12. 12. 12. 12. 12. 12. 12. 12.
 12. 12.]
	 Queue Understanding : deque([5, 6, 7, 8, 9, 10, 11, 12, 13, 14, 15, 16, 17, 18, 19, 0, 1])
29:41: I'm 4 and finished 12 CS.
	 LN : [12. 12. 12. 12. 11. 11. 11. 11. 11. 11. 11. 11. 11. 11. 11. 11. 11. 11.
 11. 11.]
	 RN : [13. 13. 13. 12. 12. 12. 12. 12. 12. 12. 12. 12. 12. 12. 12. 12. 12. 12.
 12. 12.]
	 Queue Understanding : deque([5, 6, 7, 8, 9, 10, 11, 12, 13, 14, 15, 16, 17, 18, 19, 0, 1])
29:41: I'm 4 and it adds 2 to the queue. Queue after adding: deque([5, 6, 7, 8, 9, 10, 11, 12, 13, 14, 15, 16, 17, 18, 19, 0, 1, 2]).
	 LN : [12. 12. 12. 12. 12. 11. 11. 11. 11. 11. 11. 11. 11. 11. 11. 11. 11. 11.
 11. 11.]
	 RN : [13. 13. 13. 12. 12. 12. 12. 12. 12. 12. 12. 12. 12. 12. 12. 12. 12. 12.
 12. 12.]
	 Queue Understanding : deque([5, 6, 7, 8, 9, 10, 11, 12, 13, 14, 15, 16, 17, 18, 19, 0, 1, 2])
29:41: I'm 4 and sending the token to 5.
	 LN : [12. 12. 12. 12. 12. 11. 11. 11. 11. 11. 11. 11. 11. 11. 11. 11. 11. 11.
 11. 11.]
	 RN : [13. 13. 13. 12. 12. 12. 12. 12. 12. 12. 12. 12. 12. 12. 12. 12. 12. 12.
 12. 12.]
	 Queue Understanding : deque([6, 7, 8, 9, 10, 11, 12, 13, 14, 15, 16, 17, 18, 19, 0, 1, 2])
29:43: I'm 4 and want a token for the 13 time.
	 LN : [12. 12. 12. 12. 12. 11. 11. 11. 11. 11. 11. 11. 11. 11. 11. 11. 11. 11.
 11. 11.]
	 RN : [13. 13. 13. 13. 13. 12. 12. 12. 12. 12. 12. 12. 12. 12. 12. 12. 12. 12.
 12. 12.]
	 Queue Understanding : deque([6, 7, 8, 9, 10, 11, 12, 13, 14, 15, 16, 17, 18, 19, 0, 1, 2])
30:49: I'm 4 and I got a token.
	 LN : [12. 12. 12. 12. 12. 11. 11. 11. 11. 11. 11. 11. 11. 11. 11. 11. 11. 11.
 11. 11.]
	 RN : [14. 14. 14. 13. 13. 13. 13. 13. 13. 13. 13. 13. 13. 13. 13. 13. 13. 13.
 13. 13.]
	 Queue Understanding : deque([6, 7, 8, 9, 10, 11, 12, 13, 14, 15, 16, 17, 18, 19, 0, 1, 2])
30:49: I am 4 and execute 13 CS.
	 LN : [13. 13. 13. 13. 12. 12. 12. 12. 12. 12. 12. 12. 12. 12. 12. 12. 12. 12.
 12. 12.]
	 RN : [14. 14. 14. 13. 13. 13. 13. 13. 13. 13. 13. 13. 13. 13. 13. 13. 13. 13.
 13. 13.]
	 Queue Understanding : deque([5, 6, 7, 8, 9, 10, 11, 12, 13, 14, 15, 16, 17, 18, 19, 0, 1])
30:52: I'm 4 and finished 13 CS.
	 LN : [13. 13. 13. 13. 12. 12. 12. 12. 12. 12. 12. 12. 12. 12. 12. 12. 12. 12.
 12. 12.]
	 RN : [14. 14. 14. 13. 13. 13. 13. 13. 13. 13. 13. 13. 13. 13. 13. 13. 13. 13.
 13. 13.]
	 Queue Understanding : deque([5, 6, 7, 8, 9, 10, 11, 12, 13, 14, 15, 16, 17, 18, 19, 0, 1])
30:52: I'm 4 and it adds 2 to the queue. Queue after adding: deque([5, 6, 7, 8, 9, 10, 11, 12, 13, 14, 15, 16, 17, 18, 19, 0, 1, 2]).
	 LN : [13. 13. 13. 13. 13. 12. 12. 12. 12. 12. 12. 12. 12. 12. 12. 12. 12. 12.
 12. 12.]
	 RN : [14. 14. 14. 13. 13. 13. 13. 13. 13. 13. 13. 13. 13. 13. 13. 13. 13. 13.
 13. 13.]
	 Queue Understanding : deque([5, 6, 7, 8, 9, 10, 11, 12, 13, 14, 15, 16, 17, 18, 19, 0, 1, 2])
30:52: I'm 4 and sending the token to 5.
	 LN : [13. 13. 13. 13. 13. 12. 12. 12. 12. 12. 12. 12. 12. 12. 12. 12. 12. 12.
 12. 12.]
	 RN : [14. 14. 14. 13. 13. 13. 13. 13. 13. 13. 13. 13. 13. 13. 13. 13. 13. 13.
 13. 13.]
	 Queue Understanding : deque([6, 7, 8, 9, 10, 11, 12, 13, 14, 15, 16, 17, 18, 19, 0, 1, 2])
30:53: I'm 4 and want a token for the 14 time.
	 LN : [13. 13. 13. 13. 13. 12. 12. 12. 12. 12. 12. 12. 12. 12. 12. 12. 12. 12.
 12. 12.]
	 RN : [14. 14. 14. 14. 14. 13. 13. 13. 13. 13. 13. 13. 13. 13. 13. 13. 13. 13.
 13. 13.]
	 Queue Understanding : deque([6, 7, 8, 9, 10, 11, 12, 13, 14, 15, 16, 17, 18, 19, 0, 1, 2])
31:54: I'm 4 and I got a token.
	 LN : [13. 13. 13. 13. 13. 12. 12. 12. 12. 12. 12. 12. 12. 12. 12. 12. 12. 12.
 12. 12.]
	 RN : [15. 15. 15. 14. 14. 14. 14. 14. 14. 14. 14. 14. 14. 14. 14. 14. 14. 14.
 14. 14.]
	 Queue Understanding : deque([6, 7, 8, 9, 10, 11, 12, 13, 14, 15, 16, 17, 18, 19, 0, 1, 2])
31:54: I am 4 and execute 14 CS.
	 LN : [14. 14. 14. 14. 13. 13. 13. 13. 13. 13. 13. 13. 13. 13. 13. 13. 13. 13.
 13. 13.]
	 RN : [15. 15. 15. 14. 14. 14. 14. 14. 14. 14. 14. 14. 14. 14. 14. 14. 14. 14.
 14. 14.]
	 Queue Understanding : deque([5, 6, 7, 8, 9, 10, 11, 12, 13, 14, 15, 16, 17, 18, 19, 0, 1])
31:57: I'm 4 and finished 14 CS.
	 LN : [14. 14. 14. 14. 13. 13. 13. 13. 13. 13. 13. 13. 13. 13. 13. 13. 13. 13.
 13. 13.]
	 RN : [15. 15. 15. 14. 14. 14. 14. 14. 14. 14. 14. 14. 14. 14. 14. 14. 14. 14.
 14. 14.]
	 Queue Understanding : deque([5, 6, 7, 8, 9, 10, 11, 12, 13, 14, 15, 16, 17, 18, 19, 0, 1])
31:57: I'm 4 and it adds 2 to the queue. Queue after adding: deque([5, 6, 7, 8, 9, 10, 11, 12, 13, 14, 15, 16, 17, 18, 19, 0, 1, 2]).
	 LN : [14. 14. 14. 14. 14. 13. 13. 13. 13. 13. 13. 13. 13. 13. 13. 13. 13. 13.
 13. 13.]
	 RN : [15. 15. 15. 14. 14. 14. 14. 14. 14. 14. 14. 14. 14. 14. 14. 14. 14. 14.
 14. 14.]
	 Queue Understanding : deque([5, 6, 7, 8, 9, 10, 11, 12, 13, 14, 15, 16, 17, 18, 19, 0, 1, 2])
31:57: I'm 4 and sending the token to 5.
	 LN : [14. 14. 14. 14. 14. 13. 13. 13. 13. 13. 13. 13. 13. 13. 13. 13. 13. 13.
 13. 13.]
	 RN : [15. 15. 15. 14. 14. 14. 14. 14. 14. 14. 14. 14. 14. 14. 14. 14. 14. 14.
 14. 14.]
	 Queue Understanding : deque([6, 7, 8, 9, 10, 11, 12, 13, 14, 15, 16, 17, 18, 19, 0, 1, 2])
32:00: I'm 4 and want a token for the 15 time.
	 LN : [14. 14. 14. 14. 14. 13. 13. 13. 13. 13. 13. 13. 13. 13. 13. 13. 13. 13.
 13. 13.]
	 RN : [15. 15. 15. 15. 15. 14. 14. 14. 14. 14. 14. 14. 14. 14. 14. 14. 14. 14.
 14. 14.]
	 Queue Understanding : deque([6, 7, 8, 9, 10, 11, 12, 13, 14, 15, 16, 17, 18, 19, 0, 1, 2])
33:04: I'm 4 and I got a token.
	 LN : [14. 14. 14. 14. 14. 13. 13. 13. 13. 13. 13. 13. 13. 13. 13. 13. 13. 13.
 13. 13.]
	 RN : [16. 16. 15. 15. 15. 15. 15. 15. 15. 15. 15. 15. 15. 15. 15. 15. 15. 15.
 15. 15.]
	 Queue Understanding : deque([6, 7, 8, 9, 10, 11, 12, 13, 14, 15, 16, 17, 18, 19, 0, 1, 2])
33:04: I am 4 and execute 15 CS.
	 LN : [15. 15. 15. 15. 14. 14. 14. 14. 14. 14. 14. 14. 14. 14. 14. 14. 14. 14.
 14. 14.]
	 RN : [16. 16. 15. 15. 15. 15. 15. 15. 15. 15. 15. 15. 15. 15. 15. 15. 15. 15.
 15. 15.]
	 Queue Understanding : deque([5, 6, 7, 8, 9, 10, 11, 12, 13, 14, 15, 16, 17, 18, 19, 0, 1])
33:07: I'm 4 and finished 15 CS.
	 LN : [15. 15. 15. 15. 14. 14. 14. 14. 14. 14. 14. 14. 14. 14. 14. 14. 14. 14.
 14. 14.]
	 RN : [16. 16. 15. 15. 15. 15. 15. 15. 15. 15. 15. 15. 15. 15. 15. 15. 15. 15.
 15. 15.]
	 Queue Understanding : deque([5, 6, 7, 8, 9, 10, 11, 12, 13, 14, 15, 16, 17, 18, 19, 0, 1])
33:07: I'm 4 and sending the token to 5.
	 LN : [15. 15. 15. 15. 15. 14. 14. 14. 14. 14. 14. 14. 14. 14. 14. 14. 14. 14.
 14. 14.]
	 RN : [16. 16. 15. 15. 15. 15. 15. 15. 15. 15. 15. 15. 15. 15. 15. 15. 15. 15.
 15. 15.]
	 Queue Understanding : deque([6, 7, 8, 9, 10, 11, 12, 13, 14, 15, 16, 17, 18, 19, 0, 1])
33:09: I'm 4 and want a token for the 16 time.
	 LN : [15. 15. 15. 15. 15. 14. 14. 14. 14. 14. 14. 14. 14. 14. 14. 14. 14. 14.
 14. 14.]
	 RN : [16. 16. 16. 16. 16. 15. 15. 15. 15. 15. 15. 15. 15. 15. 15. 15. 15. 15.
 15. 15.]
	 Queue Understanding : deque([6, 7, 8, 9, 10, 11, 12, 13, 14, 15, 16, 17, 18, 19, 0, 1])
