16:26: I'm 10 and want a token for the 1 time.
	 LN : [0. 0. 0. 0. 0. 0. 0. 0. 0. 0. 0. 0. 0. 0. 0. 0. 0. 0. 0. 0.]
	 RN : [1. 0. 0. 0. 0. 0. 0. 0. 0. 0. 1. 1. 0. 0. 0. 0. 0. 0. 0. 0.]
	 Queue Understanding : deque([])
16:56: I'm 10 and I got a token.
	 LN : [0. 0. 0. 0. 0. 0. 0. 0. 0. 0. 0. 0. 0. 0. 0. 0. 0. 0. 0. 0.]
	 RN : [2. 2. 2. 2. 2. 2. 2. 2. 2. 1. 1. 1. 1. 1. 1. 1. 1. 1. 1. 1.]
	 Queue Understanding : deque([])
16:56: I am 10 and execute 1 CS.
	 LN : [1. 1. 1. 1. 1. 1. 1. 1. 1. 1. 0. 0. 0. 0. 0. 0. 0. 0. 0. 0.]
	 RN : [2. 2. 2. 2. 2. 2. 2. 2. 2. 1. 1. 1. 1. 1. 1. 1. 1. 1. 1. 1.]
	 Queue Understanding : deque([11, 12, 13, 14, 15, 16, 17, 18, 19, 0, 1, 2, 3, 4, 5, 6, 7])
17:00: I'm 10 and finished 1 CS.
	 LN : [1. 1. 1. 1. 1. 1. 1. 1. 1. 1. 0. 0. 0. 0. 0. 0. 0. 0. 0. 0.]
	 RN : [2. 2. 2. 2. 2. 2. 2. 2. 2. 1. 1. 1. 1. 1. 1. 1. 1. 1. 1. 1.]
	 Queue Understanding : deque([11, 12, 13, 14, 15, 16, 17, 18, 19, 0, 1, 2, 3, 4, 5, 6, 7])
17:00: I'm 10 and it adds 8 to the queue. Queue after adding: deque([11, 12, 13, 14, 15, 16, 17, 18, 19, 0, 1, 2, 3, 4, 5, 6, 7, 8]).
	 LN : [1. 1. 1. 1. 1. 1. 1. 1. 1. 1. 1. 0. 0. 0. 0. 0. 0. 0. 0. 0.]
	 RN : [2. 2. 2. 2. 2. 2. 2. 2. 2. 1. 1. 1. 1. 1. 1. 1. 1. 1. 1. 1.]
	 Queue Understanding : deque([11, 12, 13, 14, 15, 16, 17, 18, 19, 0, 1, 2, 3, 4, 5, 6, 7, 8])
17:00: I'm 10 and sending the token to 11.
	 LN : [1. 1. 1. 1. 1. 1. 1. 1. 1. 1. 1. 0. 0. 0. 0. 0. 0. 0. 0. 0.]
	 RN : [2. 2. 2. 2. 2. 2. 2. 2. 2. 1. 1. 1. 1. 1. 1. 1. 1. 1. 1. 1.]
	 Queue Understanding : deque([12, 13, 14, 15, 16, 17, 18, 19, 0, 1, 2, 3, 4, 5, 6, 7, 8])
17:03: I'm 10 and want a token for the 2 time.
	 LN : [1. 1. 1. 1. 1. 1. 1. 1. 1. 1. 1. 0. 0. 0. 0. 0. 0. 0. 0. 0.]
	 RN : [2. 2. 2. 2. 2. 2. 2. 2. 2. 2. 2. 1. 1. 1. 1. 1. 1. 1. 1. 1.]
	 Queue Understanding : deque([12, 13, 14, 15, 16, 17, 18, 19, 0, 1, 2, 3, 4, 5, 6, 7, 8])
17:57: I'm 10 and I got a token.
	 LN : [1. 1. 1. 1. 1. 1. 1. 1. 1. 1. 1. 0. 0. 0. 0. 0. 0. 0. 0. 0.]
	 RN : [3. 3. 3. 3. 3. 3. 3. 3. 3. 2. 2. 2. 2. 2. 2. 2. 2. 2. 2. 2.]
	 Queue Understanding : deque([12, 13, 14, 15, 16, 17, 18, 19, 0, 1, 2, 3, 4, 5, 6, 7, 8])
17:57: I am 10 and execute 2 CS.
	 LN : [2. 2. 2. 2. 2. 2. 2. 2. 2. 2. 1. 1. 1. 1. 1. 1. 1. 1. 1. 1.]
	 RN : [3. 3. 3. 3. 3. 3. 3. 3. 3. 2. 2. 2. 2. 2. 2. 2. 2. 2. 2. 2.]
	 Queue Understanding : deque([11, 12, 13, 14, 15, 16, 17, 18, 19, 0, 1, 2, 3, 4, 5, 6, 7])
18:00: I'm 10 and finished 2 CS.
	 LN : [2. 2. 2. 2. 2. 2. 2. 2. 2. 2. 1. 1. 1. 1. 1. 1. 1. 1. 1. 1.]
	 RN : [3. 3. 3. 3. 3. 3. 3. 3. 3. 2. 2. 2. 2. 2. 2. 2. 2. 2. 2. 2.]
	 Queue Understanding : deque([11, 12, 13, 14, 15, 16, 17, 18, 19, 0, 1, 2, 3, 4, 5, 6, 7])
18:00: I'm 10 and it adds 8 to the queue. Queue after adding: deque([11, 12, 13, 14, 15, 16, 17, 18, 19, 0, 1, 2, 3, 4, 5, 6, 7, 8]).
	 LN : [2. 2. 2. 2. 2. 2. 2. 2. 2. 2. 2. 1. 1. 1. 1. 1. 1. 1. 1. 1.]
	 RN : [3. 3. 3. 3. 3. 3. 3. 3. 3. 2. 2. 2. 2. 2. 2. 2. 2. 2. 2. 2.]
	 Queue Understanding : deque([11, 12, 13, 14, 15, 16, 17, 18, 19, 0, 1, 2, 3, 4, 5, 6, 7, 8])
18:00: I'm 10 and sending the token to 11.
	 LN : [2. 2. 2. 2. 2. 2. 2. 2. 2. 2. 2. 1. 1. 1. 1. 1. 1. 1. 1. 1.]
	 RN : [3. 3. 3. 3. 3. 3. 3. 3. 3. 2. 2. 2. 2. 2. 2. 2. 2. 2. 2. 2.]
	 Queue Understanding : deque([12, 13, 14, 15, 16, 17, 18, 19, 0, 1, 2, 3, 4, 5, 6, 7, 8])
18:01: I'm 10 and want a token for the 3 time.
	 LN : [2. 2. 2. 2. 2. 2. 2. 2. 2. 2. 2. 1. 1. 1. 1. 1. 1. 1. 1. 1.]
	 RN : [3. 3. 3. 3. 3. 3. 3. 3. 3. 3. 3. 2. 2. 2. 2. 2. 2. 2. 2. 2.]
	 Queue Understanding : deque([12, 13, 14, 15, 16, 17, 18, 19, 0, 1, 2, 3, 4, 5, 6, 7, 8])
19:16: I'm 10 and I got a token.
	 LN : [2. 2. 2. 2. 2. 2. 2. 2. 2. 2. 2. 1. 1. 1. 1. 1. 1. 1. 1. 1.]
	 RN : [4. 4. 4. 4. 4. 4. 4. 4. 4. 3. 3. 3. 3. 3. 3. 3. 3. 3. 3. 3.]
	 Queue Understanding : deque([12, 13, 14, 15, 16, 17, 18, 19, 0, 1, 2, 3, 4, 5, 6, 7, 8])
19:16: I am 10 and execute 3 CS.
	 LN : [3. 3. 3. 3. 3. 3. 3. 3. 3. 3. 2. 2. 2. 2. 2. 2. 2. 2. 2. 2.]
	 RN : [4. 4. 4. 4. 4. 4. 4. 4. 4. 3. 3. 3. 3. 3. 3. 3. 3. 3. 3. 3.]
	 Queue Understanding : deque([11, 12, 13, 14, 15, 16, 17, 18, 19, 0, 1, 2, 3, 4, 5, 6])
19:19: I'm 10 and finished 3 CS.
	 LN : [3. 3. 3. 3. 3. 3. 3. 3. 3. 3. 2. 2. 2. 2. 2. 2. 2. 2. 2. 2.]
	 RN : [4. 4. 4. 4. 4. 4. 4. 4. 4. 3. 3. 3. 3. 3. 3. 3. 3. 3. 3. 3.]
	 Queue Understanding : deque([11, 12, 13, 14, 15, 16, 17, 18, 19, 0, 1, 2, 3, 4, 5, 6])
19:19: I'm 10 and it adds 7 to the queue. Queue after adding: deque([11, 12, 13, 14, 15, 16, 17, 18, 19, 0, 1, 2, 3, 4, 5, 6, 7]).
	 LN : [3. 3. 3. 3. 3. 3. 3. 3. 3. 3. 3. 2. 2. 2. 2. 2. 2. 2. 2. 2.]
	 RN : [4. 4. 4. 4. 4. 4. 4. 4. 4. 3. 3. 3. 3. 3. 3. 3. 3. 3. 3. 3.]
	 Queue Understanding : deque([11, 12, 13, 14, 15, 16, 17, 18, 19, 0, 1, 2, 3, 4, 5, 6, 7])
19:19: I'm 10 and it adds 8 to the queue. Queue after adding: deque([11, 12, 13, 14, 15, 16, 17, 18, 19, 0, 1, 2, 3, 4, 5, 6, 7, 8]).
	 LN : [3. 3. 3. 3. 3. 3. 3. 3. 3. 3. 3. 2. 2. 2. 2. 2. 2. 2. 2. 2.]
	 RN : [4. 4. 4. 4. 4. 4. 4. 4. 4. 3. 3. 3. 3. 3. 3. 3. 3. 3. 3. 3.]
	 Queue Understanding : deque([11, 12, 13, 14, 15, 16, 17, 18, 19, 0, 1, 2, 3, 4, 5, 6, 7, 8])
19:19: I'm 10 and sending the token to 11.
	 LN : [3. 3. 3. 3. 3. 3. 3. 3. 3. 3. 3. 2. 2. 2. 2. 2. 2. 2. 2. 2.]
	 RN : [4. 4. 4. 4. 4. 4. 4. 4. 4. 3. 3. 3. 3. 3. 3. 3. 3. 3. 3. 3.]
	 Queue Understanding : deque([12, 13, 14, 15, 16, 17, 18, 19, 0, 1, 2, 3, 4, 5, 6, 7, 8])
19:20: I'm 10 and want a token for the 4 time.
	 LN : [3. 3. 3. 3. 3. 3. 3. 3. 3. 3. 3. 2. 2. 2. 2. 2. 2. 2. 2. 2.]
	 RN : [4. 4. 4. 4. 4. 4. 4. 4. 4. 4. 4. 3. 3. 3. 3. 3. 3. 3. 3. 3.]
	 Queue Understanding : deque([12, 13, 14, 15, 16, 17, 18, 19, 0, 1, 2, 3, 4, 5, 6, 7, 8])
20:31: I'm 10 and I got a token.
	 LN : [3. 3. 3. 3. 3. 3. 3. 3. 3. 3. 3. 2. 2. 2. 2. 2. 2. 2. 2. 2.]
	 RN : [5. 5. 5. 5. 5. 5. 5. 5. 5. 4. 4. 4. 4. 4. 4. 4. 4. 4. 4. 4.]
	 Queue Understanding : deque([12, 13, 14, 15, 16, 17, 18, 19, 0, 1, 2, 3, 4, 5, 6, 7, 8])
20:31: I am 10 and execute 4 CS.
	 LN : [4. 4. 4. 4. 4. 4. 4. 4. 4. 4. 3. 3. 3. 3. 3. 3. 3. 3. 3. 3.]
	 RN : [5. 5. 5. 5. 5. 5. 5. 5. 5. 4. 4. 4. 4. 4. 4. 4. 4. 4. 4. 4.]
	 Queue Understanding : deque([11, 12, 13, 14, 15, 16, 17, 18, 19, 0, 1, 2, 3, 4, 5, 6, 7])
20:35: I'm 10 and finished 4 CS.
	 LN : [4. 4. 4. 4. 4. 4. 4. 4. 4. 4. 3. 3. 3. 3. 3. 3. 3. 3. 3. 3.]
	 RN : [5. 5. 5. 5. 5. 5. 5. 5. 5. 4. 4. 4. 4. 4. 4. 4. 4. 4. 4. 4.]
	 Queue Understanding : deque([11, 12, 13, 14, 15, 16, 17, 18, 19, 0, 1, 2, 3, 4, 5, 6, 7])
20:35: I'm 10 and it adds 8 to the queue. Queue after adding: deque([11, 12, 13, 14, 15, 16, 17, 18, 19, 0, 1, 2, 3, 4, 5, 6, 7, 8]).
	 LN : [4. 4. 4. 4. 4. 4. 4. 4. 4. 4. 4. 3. 3. 3. 3. 3. 3. 3. 3. 3.]
	 RN : [5. 5. 5. 5. 5. 5. 5. 5. 5. 4. 4. 4. 4. 4. 4. 4. 4. 4. 4. 4.]
	 Queue Understanding : deque([11, 12, 13, 14, 15, 16, 17, 18, 19, 0, 1, 2, 3, 4, 5, 6, 7, 8])
20:35: I'm 10 and sending the token to 11.
	 LN : [4. 4. 4. 4. 4. 4. 4. 4. 4. 4. 4. 3. 3. 3. 3. 3. 3. 3. 3. 3.]
	 RN : [5. 5. 5. 5. 5. 5. 5. 5. 5. 4. 4. 4. 4. 4. 4. 4. 4. 4. 4. 4.]
	 Queue Understanding : deque([12, 13, 14, 15, 16, 17, 18, 19, 0, 1, 2, 3, 4, 5, 6, 7, 8])
20:37: I'm 10 and want a token for the 5 time.
	 LN : [4. 4. 4. 4. 4. 4. 4. 4. 4. 4. 4. 3. 3. 3. 3. 3. 3. 3. 3. 3.]
	 RN : [5. 5. 5. 5. 5. 5. 5. 5. 5. 5. 5. 4. 4. 4. 4. 4. 4. 4. 4. 4.]
	 Queue Understanding : deque([12, 13, 14, 15, 16, 17, 18, 19, 0, 1, 2, 3, 4, 5, 6, 7, 8])
21:48: I'm 10 and I got a token.
	 LN : [4. 4. 4. 4. 4. 4. 4. 4. 4. 4. 4. 3. 3. 3. 3. 3. 3. 3. 3. 3.]
	 RN : [6. 6. 6. 6. 6. 6. 6. 6. 6. 5. 5. 5. 5. 5. 5. 5. 5. 5. 5. 5.]
	 Queue Understanding : deque([12, 13, 14, 15, 16, 17, 18, 19, 0, 1, 2, 3, 4, 5, 6, 7, 8])
21:48: I am 10 and execute 5 CS.
	 LN : [5. 5. 5. 5. 5. 5. 5. 5. 5. 5. 4. 4. 4. 4. 4. 4. 4. 4. 4. 4.]
	 RN : [6. 6. 6. 6. 6. 6. 6. 6. 6. 5. 5. 5. 5. 5. 5. 5. 5. 5. 5. 5.]
	 Queue Understanding : deque([11, 12, 13, 14, 15, 16, 17, 18, 19, 0, 1, 2, 3, 4, 5, 6])
21:52: I'm 10 and finished 5 CS.
	 LN : [5. 5. 5. 5. 5. 5. 5. 5. 5. 5. 4. 4. 4. 4. 4. 4. 4. 4. 4. 4.]
	 RN : [6. 6. 6. 6. 6. 6. 6. 6. 6. 5. 5. 5. 5. 5. 5. 5. 5. 5. 5. 5.]
	 Queue Understanding : deque([11, 12, 13, 14, 15, 16, 17, 18, 19, 0, 1, 2, 3, 4, 5, 6])
21:52: I'm 10 and it adds 7 to the queue. Queue after adding: deque([11, 12, 13, 14, 15, 16, 17, 18, 19, 0, 1, 2, 3, 4, 5, 6, 7]).
	 LN : [5. 5. 5. 5. 5. 5. 5. 5. 5. 5. 5. 4. 4. 4. 4. 4. 4. 4. 4. 4.]
	 RN : [6. 6. 6. 6. 6. 6. 6. 6. 6. 5. 5. 5. 5. 5. 5. 5. 5. 5. 5. 5.]
	 Queue Understanding : deque([11, 12, 13, 14, 15, 16, 17, 18, 19, 0, 1, 2, 3, 4, 5, 6, 7])
21:52: I'm 10 and it adds 8 to the queue. Queue after adding: deque([11, 12, 13, 14, 15, 16, 17, 18, 19, 0, 1, 2, 3, 4, 5, 6, 7, 8]).
	 LN : [5. 5. 5. 5. 5. 5. 5. 5. 5. 5. 5. 4. 4. 4. 4. 4. 4. 4. 4. 4.]
	 RN : [6. 6. 6. 6. 6. 6. 6. 6. 6. 5. 5. 5. 5. 5. 5. 5. 5. 5. 5. 5.]
	 Queue Understanding : deque([11, 12, 13, 14, 15, 16, 17, 18, 19, 0, 1, 2, 3, 4, 5, 6, 7, 8])
21:52: I'm 10 and sending the token to 11.
	 LN : [5. 5. 5. 5. 5. 5. 5. 5. 5. 5. 5. 4. 4. 4. 4. 4. 4. 4. 4. 4.]
	 RN : [6. 6. 6. 6. 6. 6. 6. 6. 6. 5. 5. 5. 5. 5. 5. 5. 5. 5. 5. 5.]
	 Queue Understanding : deque([12, 13, 14, 15, 16, 17, 18, 19, 0, 1, 2, 3, 4, 5, 6, 7, 8])
21:54: I'm 10 and want a token for the 6 time.
	 LN : [5. 5. 5. 5. 5. 5. 5. 5. 5. 5. 5. 4. 4. 4. 4. 4. 4. 4. 4. 4.]
	 RN : [6. 6. 6. 6. 6. 6. 6. 6. 6. 6. 6. 5. 5. 5. 5. 5. 5. 5. 5. 5.]
	 Queue Understanding : deque([12, 13, 14, 15, 16, 17, 18, 19, 0, 1, 2, 3, 4, 5, 6, 7, 8])
22:58: I'm 10 and I got a token.
	 LN : [5. 5. 5. 5. 5. 5. 5. 5. 5. 5. 5. 4. 4. 4. 4. 4. 4. 4. 4. 4.]
	 RN : [7. 7. 7. 7. 7. 7. 7. 7. 7. 6. 6. 6. 6. 6. 6. 6. 6. 6. 6. 6.]
	 Queue Understanding : deque([12, 13, 14, 15, 16, 17, 18, 19, 0, 1, 2, 3, 4, 5, 6, 7, 8])
22:58: I am 10 and execute 6 CS.
	 LN : [6. 6. 6. 6. 6. 6. 6. 6. 6. 6. 5. 5. 5. 5. 5. 5. 5. 5. 5. 5.]
	 RN : [7. 7. 7. 7. 7. 7. 7. 7. 7. 6. 6. 6. 6. 6. 6. 6. 6. 6. 6. 6.]
	 Queue Understanding : deque([11, 12, 13, 14, 15, 16, 17, 18, 19, 0, 1, 2, 3, 4, 5, 6, 7])
23:02: I'm 10 and finished 6 CS.
	 LN : [6. 6. 6. 6. 6. 6. 6. 6. 6. 6. 5. 5. 5. 5. 5. 5. 5. 5. 5. 5.]
	 RN : [7. 7. 7. 7. 7. 7. 7. 7. 7. 6. 6. 6. 6. 6. 6. 6. 6. 6. 6. 6.]
	 Queue Understanding : deque([11, 12, 13, 14, 15, 16, 17, 18, 19, 0, 1, 2, 3, 4, 5, 6, 7])
23:02: I'm 10 and it adds 8 to the queue. Queue after adding: deque([11, 12, 13, 14, 15, 16, 17, 18, 19, 0, 1, 2, 3, 4, 5, 6, 7, 8]).
	 LN : [6. 6. 6. 6. 6. 6. 6. 6. 6. 6. 6. 5. 5. 5. 5. 5. 5. 5. 5. 5.]
	 RN : [7. 7. 7. 7. 7. 7. 7. 7. 7. 6. 6. 6. 6. 6. 6. 6. 6. 6. 6. 6.]
	 Queue Understanding : deque([11, 12, 13, 14, 15, 16, 17, 18, 19, 0, 1, 2, 3, 4, 5, 6, 7, 8])
23:02: I'm 10 and sending the token to 11.
	 LN : [6. 6. 6. 6. 6. 6. 6. 6. 6. 6. 6. 5. 5. 5. 5. 5. 5. 5. 5. 5.]
	 RN : [7. 7. 7. 7. 7. 7. 7. 7. 7. 6. 6. 6. 6. 6. 6. 6. 6. 6. 6. 6.]
	 Queue Understanding : deque([12, 13, 14, 15, 16, 17, 18, 19, 0, 1, 2, 3, 4, 5, 6, 7, 8])
23:04: I'm 10 and want a token for the 7 time.
	 LN : [6. 6. 6. 6. 6. 6. 6. 6. 6. 6. 6. 5. 5. 5. 5. 5. 5. 5. 5. 5.]
	 RN : [7. 7. 7. 7. 7. 7. 7. 7. 7. 7. 7. 6. 6. 6. 6. 6. 6. 6. 6. 6.]
	 Queue Understanding : deque([12, 13, 14, 15, 16, 17, 18, 19, 0, 1, 2, 3, 4, 5, 6, 7, 8])
24:07: I'm 10 and I got a token.
	 LN : [6. 6. 6. 6. 6. 6. 6. 6. 6. 6. 6. 5. 5. 5. 5. 5. 5. 5. 5. 5.]
	 RN : [8. 8. 8. 8. 8. 8. 8. 8. 8. 7. 7. 7. 7. 7. 7. 7. 7. 7. 7. 7.]
	 Queue Understanding : deque([12, 13, 14, 15, 16, 17, 18, 19, 0, 1, 2, 3, 4, 5, 6, 7, 8])
24:07: I am 10 and execute 7 CS.
	 LN : [7. 7. 7. 7. 7. 7. 7. 7. 7. 7. 6. 6. 6. 6. 6. 6. 6. 6. 6. 6.]
	 RN : [8. 8. 8. 8. 8. 8. 8. 8. 8. 7. 7. 7. 7. 7. 7. 7. 7. 7. 7. 7.]
	 Queue Understanding : deque([11, 12, 13, 14, 15, 16, 17, 18, 19, 0, 1, 2, 3, 4, 5, 6, 7])
24:11: I'm 10 and finished 7 CS.
	 LN : [7. 7. 7. 7. 7. 7. 7. 7. 7. 7. 6. 6. 6. 6. 6. 6. 6. 6. 6. 6.]
	 RN : [8. 8. 8. 8. 8. 8. 8. 8. 8. 7. 7. 7. 7. 7. 7. 7. 7. 7. 7. 7.]
	 Queue Understanding : deque([11, 12, 13, 14, 15, 16, 17, 18, 19, 0, 1, 2, 3, 4, 5, 6, 7])
24:11: I'm 10 and it adds 8 to the queue. Queue after adding: deque([11, 12, 13, 14, 15, 16, 17, 18, 19, 0, 1, 2, 3, 4, 5, 6, 7, 8]).
	 LN : [7. 7. 7. 7. 7. 7. 7. 7. 7. 7. 7. 6. 6. 6. 6. 6. 6. 6. 6. 6.]
	 RN : [8. 8. 8. 8. 8. 8. 8. 8. 8. 7. 7. 7. 7. 7. 7. 7. 7. 7. 7. 7.]
	 Queue Understanding : deque([11, 12, 13, 14, 15, 16, 17, 18, 19, 0, 1, 2, 3, 4, 5, 6, 7, 8])
24:11: I'm 10 and sending the token to 11.
	 LN : [7. 7. 7. 7. 7. 7. 7. 7. 7. 7. 7. 6. 6. 6. 6. 6. 6. 6. 6. 6.]
	 RN : [8. 8. 8. 8. 8. 8. 8. 8. 8. 7. 7. 7. 7. 7. 7. 7. 7. 7. 7. 7.]
	 Queue Understanding : deque([12, 13, 14, 15, 16, 17, 18, 19, 0, 1, 2, 3, 4, 5, 6, 7, 8])
24:12: I'm 10 and want a token for the 8 time.
	 LN : [7. 7. 7. 7. 7. 7. 7. 7. 7. 7. 7. 6. 6. 6. 6. 6. 6. 6. 6. 6.]
	 RN : [8. 8. 8. 8. 8. 8. 8. 8. 8. 8. 8. 7. 7. 7. 7. 7. 7. 7. 7. 7.]
	 Queue Understanding : deque([12, 13, 14, 15, 16, 17, 18, 19, 0, 1, 2, 3, 4, 5, 6, 7, 8])
25:13: I'm 10 and I got a token.
	 LN : [7. 7. 7. 7. 7. 7. 7. 7. 7. 7. 7. 6. 6. 6. 6. 6. 6. 6. 6. 6.]
	 RN : [9. 9. 9. 9. 9. 9. 9. 9. 9. 8. 8. 8. 8. 8. 8. 8. 8. 8. 8. 8.]
	 Queue Understanding : deque([12, 13, 14, 15, 16, 17, 18, 19, 0, 1, 2, 3, 4, 5, 6, 7, 8])
25:13: I am 10 and execute 8 CS.
	 LN : [8. 8. 8. 8. 8. 8. 8. 8. 8. 8. 7. 7. 7. 7. 7. 7. 7. 7. 7. 7.]
	 RN : [9. 9. 9. 9. 9. 9. 9. 9. 9. 8. 8. 8. 8. 8. 8. 8. 8. 8. 8. 8.]
	 Queue Understanding : deque([11, 12, 13, 14, 15, 16, 17, 18, 19, 0, 1, 2, 3, 4, 5, 6, 7])
25:16: I'm 10 and finished 8 CS.
	 LN : [8. 8. 8. 8. 8. 8. 8. 8. 8. 8. 7. 7. 7. 7. 7. 7. 7. 7. 7. 7.]
	 RN : [9. 9. 9. 9. 9. 9. 9. 9. 9. 8. 8. 8. 8. 8. 8. 8. 8. 8. 8. 8.]
	 Queue Understanding : deque([11, 12, 13, 14, 15, 16, 17, 18, 19, 0, 1, 2, 3, 4, 5, 6, 7])
25:16: I'm 10 and it adds 8 to the queue. Queue after adding: deque([11, 12, 13, 14, 15, 16, 17, 18, 19, 0, 1, 2, 3, 4, 5, 6, 7, 8]).
	 LN : [8. 8. 8. 8. 8. 8. 8. 8. 8. 8. 8. 7. 7. 7. 7. 7. 7. 7. 7. 7.]
	 RN : [9. 9. 9. 9. 9. 9. 9. 9. 9. 8. 8. 8. 8. 8. 8. 8. 8. 8. 8. 8.]
	 Queue Understanding : deque([11, 12, 13, 14, 15, 16, 17, 18, 19, 0, 1, 2, 3, 4, 5, 6, 7, 8])
25:16: I'm 10 and sending the token to 11.
	 LN : [8. 8. 8. 8. 8. 8. 8. 8. 8. 8. 8. 7. 7. 7. 7. 7. 7. 7. 7. 7.]
	 RN : [9. 9. 9. 9. 9. 9. 9. 9. 9. 8. 8. 8. 8. 8. 8. 8. 8. 8. 8. 8.]
	 Queue Understanding : deque([12, 13, 14, 15, 16, 17, 18, 19, 0, 1, 2, 3, 4, 5, 6, 7, 8])
25:17: I'm 10 and want a token for the 9 time.
	 LN : [8. 8. 8. 8. 8. 8. 8. 8. 8. 8. 8. 7. 7. 7. 7. 7. 7. 7. 7. 7.]
	 RN : [9. 9. 9. 9. 9. 9. 9. 9. 9. 9. 9. 8. 8. 8. 8. 8. 8. 8. 8. 8.]
	 Queue Understanding : deque([12, 13, 14, 15, 16, 17, 18, 19, 0, 1, 2, 3, 4, 5, 6, 7, 8])
26:25: I'm 10 and I got a token.
	 LN : [8. 8. 8. 8. 8. 8. 8. 8. 8. 8. 8. 7. 7. 7. 7. 7. 7. 7. 7. 7.]
	 RN : [10. 10. 10. 10. 10. 10. 10. 10. 10.  9.  9.  9.  9.  9.  9.  9.  9.  9.
  9.  9.]
	 Queue Understanding : deque([12, 13, 14, 15, 16, 17, 18, 19, 0, 1, 2, 3, 4, 5, 6, 7, 8])
26:25: I am 10 and execute 9 CS.
	 LN : [9. 9. 9. 9. 9. 9. 9. 9. 9. 9. 8. 8. 8. 8. 8. 8. 8. 8. 8. 8.]
	 RN : [10. 10. 10. 10. 10. 10. 10. 10. 10.  9.  9.  9.  9.  9.  9.  9.  9.  9.
  9.  9.]
	 Queue Understanding : deque([11, 12, 13, 14, 15, 16, 17, 18, 19, 0, 1, 2, 3, 4, 5, 6, 7])
26:29: I'm 10 and finished 9 CS.
	 LN : [9. 9. 9. 9. 9. 9. 9. 9. 9. 9. 8. 8. 8. 8. 8. 8. 8. 8. 8. 8.]
	 RN : [10. 10. 10. 10. 10. 10. 10. 10. 10.  9.  9.  9.  9.  9.  9.  9.  9.  9.
  9.  9.]
	 Queue Understanding : deque([11, 12, 13, 14, 15, 16, 17, 18, 19, 0, 1, 2, 3, 4, 5, 6, 7])
26:29: I'm 10 and it adds 8 to the queue. Queue after adding: deque([11, 12, 13, 14, 15, 16, 17, 18, 19, 0, 1, 2, 3, 4, 5, 6, 7, 8]).
	 LN : [9. 9. 9. 9. 9. 9. 9. 9. 9. 9. 9. 8. 8. 8. 8. 8. 8. 8. 8. 8.]
	 RN : [10. 10. 10. 10. 10. 10. 10. 10. 10.  9.  9.  9.  9.  9.  9.  9.  9.  9.
  9.  9.]
	 Queue Understanding : deque([11, 12, 13, 14, 15, 16, 17, 18, 19, 0, 1, 2, 3, 4, 5, 6, 7, 8])
26:29: I'm 10 and sending the token to 11.
	 LN : [9. 9. 9. 9. 9. 9. 9. 9. 9. 9. 9. 8. 8. 8. 8. 8. 8. 8. 8. 8.]
	 RN : [10. 10. 10. 10. 10. 10. 10. 10. 10.  9.  9.  9.  9.  9.  9.  9.  9.  9.
  9.  9.]
	 Queue Understanding : deque([12, 13, 14, 15, 16, 17, 18, 19, 0, 1, 2, 3, 4, 5, 6, 7, 8])
26:32: I'm 10 and want a token for the 10 time.
	 LN : [9. 9. 9. 9. 9. 9. 9. 9. 9. 9. 9. 8. 8. 8. 8. 8. 8. 8. 8. 8.]
	 RN : [10. 10. 10. 10. 10. 10. 10. 10. 10. 10. 10.  9.  9.  9.  9.  9.  9.  9.
  9.  9.]
	 Queue Understanding : deque([12, 13, 14, 15, 16, 17, 18, 19, 0, 1, 2, 3, 4, 5, 6, 7, 8])
27:36: I'm 10 and I got a token.
	 LN : [9. 9. 9. 9. 9. 9. 9. 9. 9. 9. 9. 8. 8. 8. 8. 8. 8. 8. 8. 8.]
	 RN : [11. 11. 11. 11. 11. 11. 11. 11. 11. 10. 10. 10. 10. 10. 10. 10. 10. 10.
 10. 10.]
	 Queue Understanding : deque([12, 13, 14, 15, 16, 17, 18, 19, 0, 1, 2, 3, 4, 5, 6, 7, 8])
27:36: I am 10 and execute 10 CS.
	 LN : [10. 10. 10. 10. 10. 10. 10. 10. 10. 10.  9.  9.  9.  9.  9.  9.  9.  9.
  9.  9.]
	 RN : [11. 11. 11. 11. 11. 11. 11. 11. 11. 10. 10. 10. 10. 10. 10. 10. 10. 10.
 10. 10.]
	 Queue Understanding : deque([11, 12, 13, 14, 15, 16, 17, 18, 19, 0, 1, 2, 3, 4, 5, 6, 7])
27:40: I'm 10 and finished 10 CS.
	 LN : [10. 10. 10. 10. 10. 10. 10. 10. 10. 10.  9.  9.  9.  9.  9.  9.  9.  9.
  9.  9.]
	 RN : [11. 11. 11. 11. 11. 11. 11. 11. 11. 10. 10. 10. 10. 10. 10. 10. 10. 10.
 10. 10.]
	 Queue Understanding : deque([11, 12, 13, 14, 15, 16, 17, 18, 19, 0, 1, 2, 3, 4, 5, 6, 7])
27:40: I'm 10 and it adds 8 to the queue. Queue after adding: deque([11, 12, 13, 14, 15, 16, 17, 18, 19, 0, 1, 2, 3, 4, 5, 6, 7, 8]).
	 LN : [10. 10. 10. 10. 10. 10. 10. 10. 10. 10. 10.  9.  9.  9.  9.  9.  9.  9.
  9.  9.]
	 RN : [11. 11. 11. 11. 11. 11. 11. 11. 11. 10. 10. 10. 10. 10. 10. 10. 10. 10.
 10. 10.]
	 Queue Understanding : deque([11, 12, 13, 14, 15, 16, 17, 18, 19, 0, 1, 2, 3, 4, 5, 6, 7, 8])
27:40: I'm 10 and sending the token to 11.
	 LN : [10. 10. 10. 10. 10. 10. 10. 10. 10. 10. 10.  9.  9.  9.  9.  9.  9.  9.
  9.  9.]
	 RN : [11. 11. 11. 11. 11. 11. 11. 11. 11. 10. 10. 10. 10. 10. 10. 10. 10. 10.
 10. 10.]
	 Queue Understanding : deque([12, 13, 14, 15, 16, 17, 18, 19, 0, 1, 2, 3, 4, 5, 6, 7, 8])
27:42: I'm 10 and want a token for the 11 time.
	 LN : [10. 10. 10. 10. 10. 10. 10. 10. 10. 10. 10.  9.  9.  9.  9.  9.  9.  9.
  9.  9.]
	 RN : [11. 11. 11. 11. 11. 11. 11. 11. 11. 11. 11. 10. 10. 10. 10. 10. 10. 10.
 10. 10.]
	 Queue Understanding : deque([12, 13, 14, 15, 16, 17, 18, 19, 0, 1, 2, 3, 4, 5, 6, 7, 8])
28:47: I'm 10 and I got a token.
	 LN : [10. 10. 10. 10. 10. 10. 10. 10. 10. 10. 10.  9.  9.  9.  9.  9.  9.  9.
  9.  9.]
	 RN : [12. 12. 12. 12. 12. 12. 12. 12. 12. 11. 11. 11. 11. 11. 11. 11. 11. 11.
 11. 11.]
	 Queue Understanding : deque([12, 13, 14, 15, 16, 17, 18, 19, 0, 1, 2, 3, 4, 5, 6, 7, 8])
28:47: I am 10 and execute 11 CS.
	 LN : [11. 11. 11. 11. 11. 11. 11. 11. 11. 11. 10. 10. 10. 10. 10. 10. 10. 10.
 10. 10.]
	 RN : [12. 12. 12. 12. 12. 12. 12. 12. 12. 11. 11. 11. 11. 11. 11. 11. 11. 11.
 11. 11.]
	 Queue Understanding : deque([11, 12, 13, 14, 15, 16, 17, 18, 19, 0, 1, 2, 3, 4, 5, 6, 7])
28:50: I'm 10 and finished 11 CS.
	 LN : [11. 11. 11. 11. 11. 11. 11. 11. 11. 11. 10. 10. 10. 10. 10. 10. 10. 10.
 10. 10.]
	 RN : [12. 12. 12. 12. 12. 12. 12. 12. 12. 11. 11. 11. 11. 11. 11. 11. 11. 11.
 11. 11.]
	 Queue Understanding : deque([11, 12, 13, 14, 15, 16, 17, 18, 19, 0, 1, 2, 3, 4, 5, 6, 7])
28:50: I'm 10 and it adds 8 to the queue. Queue after adding: deque([11, 12, 13, 14, 15, 16, 17, 18, 19, 0, 1, 2, 3, 4, 5, 6, 7, 8]).
	 LN : [11. 11. 11. 11. 11. 11. 11. 11. 11. 11. 11. 10. 10. 10. 10. 10. 10. 10.
 10. 10.]
	 RN : [12. 12. 12. 12. 12. 12. 12. 12. 12. 11. 11. 11. 11. 11. 11. 11. 11. 11.
 11. 11.]
	 Queue Understanding : deque([11, 12, 13, 14, 15, 16, 17, 18, 19, 0, 1, 2, 3, 4, 5, 6, 7, 8])
28:50: I'm 10 and sending the token to 11.
	 LN : [11. 11. 11. 11. 11. 11. 11. 11. 11. 11. 11. 10. 10. 10. 10. 10. 10. 10.
 10. 10.]
	 RN : [12. 12. 12. 12. 12. 12. 12. 12. 12. 11. 11. 11. 11. 11. 11. 11. 11. 11.
 11. 11.]
	 Queue Understanding : deque([12, 13, 14, 15, 16, 17, 18, 19, 0, 1, 2, 3, 4, 5, 6, 7, 8])
28:52: I'm 10 and want a token for the 12 time.
	 LN : [11. 11. 11. 11. 11. 11. 11. 11. 11. 11. 11. 10. 10. 10. 10. 10. 10. 10.
 10. 10.]
	 RN : [12. 12. 12. 12. 12. 12. 12. 12. 12. 12. 12. 11. 11. 11. 11. 11. 11. 11.
 11. 11.]
	 Queue Understanding : deque([12, 13, 14, 15, 16, 17, 18, 19, 0, 1, 2, 3, 4, 5, 6, 7, 8])
29:56: I'm 10 and I got a token.
	 LN : [11. 11. 11. 11. 11. 11. 11. 11. 11. 11. 11. 10. 10. 10. 10. 10. 10. 10.
 10. 10.]
	 RN : [13. 13. 13. 13. 13. 13. 13. 13. 13. 12. 12. 12. 12. 12. 12. 12. 12. 12.
 12. 12.]
	 Queue Understanding : deque([12, 13, 14, 15, 16, 17, 18, 19, 0, 1, 2, 3, 4, 5, 6, 7, 8])
29:56: I am 10 and execute 12 CS.
	 LN : [12. 12. 12. 12. 12. 12. 12. 12. 12. 12. 11. 11. 11. 11. 11. 11. 11. 11.
 11. 11.]
	 RN : [13. 13. 13. 13. 13. 13. 13. 13. 13. 12. 12. 12. 12. 12. 12. 12. 12. 12.
 12. 12.]
	 Queue Understanding : deque([11, 12, 13, 14, 15, 16, 17, 18, 19, 0, 1, 2, 3, 4, 5, 6, 7])
29:59: I'm 10 and finished 12 CS.
	 LN : [12. 12. 12. 12. 12. 12. 12. 12. 12. 12. 11. 11. 11. 11. 11. 11. 11. 11.
 11. 11.]
	 RN : [13. 13. 13. 13. 13. 13. 13. 13. 13. 12. 12. 12. 12. 12. 12. 12. 12. 12.
 12. 12.]
	 Queue Understanding : deque([11, 12, 13, 14, 15, 16, 17, 18, 19, 0, 1, 2, 3, 4, 5, 6, 7])
29:59: I'm 10 and it adds 8 to the queue. Queue after adding: deque([11, 12, 13, 14, 15, 16, 17, 18, 19, 0, 1, 2, 3, 4, 5, 6, 7, 8]).
	 LN : [12. 12. 12. 12. 12. 12. 12. 12. 12. 12. 12. 11. 11. 11. 11. 11. 11. 11.
 11. 11.]
	 RN : [13. 13. 13. 13. 13. 13. 13. 13. 13. 12. 12. 12. 12. 12. 12. 12. 12. 12.
 12. 12.]
	 Queue Understanding : deque([11, 12, 13, 14, 15, 16, 17, 18, 19, 0, 1, 2, 3, 4, 5, 6, 7, 8])
29:59: I'm 10 and sending the token to 11.
	 LN : [12. 12. 12. 12. 12. 12. 12. 12. 12. 12. 12. 11. 11. 11. 11. 11. 11. 11.
 11. 11.]
	 RN : [13. 13. 13. 13. 13. 13. 13. 13. 13. 12. 12. 12. 12. 12. 12. 12. 12. 12.
 12. 12.]
	 Queue Understanding : deque([12, 13, 14, 15, 16, 17, 18, 19, 0, 1, 2, 3, 4, 5, 6, 7, 8])
30:01: I'm 10 and want a token for the 13 time.
	 LN : [12. 12. 12. 12. 12. 12. 12. 12. 12. 12. 12. 11. 11. 11. 11. 11. 11. 11.
 11. 11.]
	 RN : [13. 13. 13. 13. 13. 13. 13. 13. 13. 13. 13. 12. 12. 12. 12. 12. 12. 12.
 12. 12.]
	 Queue Understanding : deque([12, 13, 14, 15, 16, 17, 18, 19, 0, 1, 2, 3, 4, 5, 6, 7, 8])
31:10: I'm 10 and I got a token.
	 LN : [12. 12. 12. 12. 12. 12. 12. 12. 12. 12. 12. 11. 11. 11. 11. 11. 11. 11.
 11. 11.]
	 RN : [14. 14. 14. 14. 14. 14. 14. 14. 14. 13. 13. 13. 13. 13. 13. 13. 13. 13.
 13. 13.]
	 Queue Understanding : deque([12, 13, 14, 15, 16, 17, 18, 19, 0, 1, 2, 3, 4, 5, 6, 7, 8])
31:10: I am 10 and execute 13 CS.
	 LN : [13. 13. 13. 13. 13. 13. 13. 13. 13. 13. 12. 12. 12. 12. 12. 12. 12. 12.
 12. 12.]
	 RN : [14. 14. 14. 14. 14. 14. 14. 14. 14. 13. 13. 13. 13. 13. 13. 13. 13. 13.
 13. 13.]
	 Queue Understanding : deque([11, 12, 13, 14, 15, 16, 17, 18, 19, 0, 1, 2, 3, 4, 5, 6, 7])
31:15: I'm 10 and finished 13 CS.
	 LN : [13. 13. 13. 13. 13. 13. 13. 13. 13. 13. 12. 12. 12. 12. 12. 12. 12. 12.
 12. 12.]
	 RN : [14. 14. 14. 14. 14. 14. 14. 14. 14. 13. 13. 13. 13. 13. 13. 13. 13. 13.
 13. 13.]
	 Queue Understanding : deque([11, 12, 13, 14, 15, 16, 17, 18, 19, 0, 1, 2, 3, 4, 5, 6, 7])
31:15: I'm 10 and it adds 8 to the queue. Queue after adding: deque([11, 12, 13, 14, 15, 16, 17, 18, 19, 0, 1, 2, 3, 4, 5, 6, 7, 8]).
	 LN : [13. 13. 13. 13. 13. 13. 13. 13. 13. 13. 13. 12. 12. 12. 12. 12. 12. 12.
 12. 12.]
	 RN : [14. 14. 14. 14. 14. 14. 14. 14. 14. 13. 13. 13. 13. 13. 13. 13. 13. 13.
 13. 13.]
	 Queue Understanding : deque([11, 12, 13, 14, 15, 16, 17, 18, 19, 0, 1, 2, 3, 4, 5, 6, 7, 8])
31:15: I'm 10 and sending the token to 11.
	 LN : [13. 13. 13. 13. 13. 13. 13. 13. 13. 13. 13. 12. 12. 12. 12. 12. 12. 12.
 12. 12.]
	 RN : [14. 14. 14. 14. 14. 14. 14. 14. 14. 13. 13. 13. 13. 13. 13. 13. 13. 13.
 13. 13.]
	 Queue Understanding : deque([12, 13, 14, 15, 16, 17, 18, 19, 0, 1, 2, 3, 4, 5, 6, 7, 8])
31:17: I'm 10 and want a token for the 14 time.
	 LN : [13. 13. 13. 13. 13. 13. 13. 13. 13. 13. 13. 12. 12. 12. 12. 12. 12. 12.
 12. 12.]
	 RN : [14. 14. 14. 14. 14. 14. 14. 14. 14. 14. 14. 13. 13. 13. 13. 13. 13. 13.
 13. 13.]
	 Queue Understanding : deque([12, 13, 14, 15, 16, 17, 18, 19, 0, 1, 2, 3, 4, 5, 6, 7, 8])
32:14: I'm 10 and I got a token.
	 LN : [13. 13. 13. 13. 13. 13. 13. 13. 13. 13. 13. 12. 12. 12. 12. 12. 12. 12.
 12. 12.]
	 RN : [15. 15. 15. 15. 15. 15. 15. 15. 15. 14. 14. 14. 14. 14. 14. 14. 14. 14.
 14. 14.]
	 Queue Understanding : deque([12, 13, 14, 15, 16, 17, 18, 19, 0, 1, 2, 3, 4, 5, 6, 7, 8])
32:14: I am 10 and execute 14 CS.
	 LN : [14. 14. 14. 14. 14. 14. 14. 14. 14. 14. 13. 13. 13. 13. 13. 13. 13. 13.
 13. 13.]
	 RN : [15. 15. 15. 15. 15. 15. 15. 15. 15. 14. 14. 14. 14. 14. 14. 14. 14. 14.
 14. 14.]
	 Queue Understanding : deque([11, 12, 13, 14, 15, 16, 17, 18, 19, 0, 1, 2, 3, 4, 5, 6, 7])
32:17: I'm 10 and finished 14 CS.
	 LN : [14. 14. 14. 14. 14. 14. 14. 14. 14. 14. 13. 13. 13. 13. 13. 13. 13. 13.
 13. 13.]
	 RN : [15. 15. 15. 15. 15. 15. 15. 15. 15. 14. 14. 14. 14. 14. 14. 14. 14. 14.
 14. 14.]
	 Queue Understanding : deque([11, 12, 13, 14, 15, 16, 17, 18, 19, 0, 1, 2, 3, 4, 5, 6, 7])
32:17: I'm 10 and it adds 8 to the queue. Queue after adding: deque([11, 12, 13, 14, 15, 16, 17, 18, 19, 0, 1, 2, 3, 4, 5, 6, 7, 8]).
	 LN : [14. 14. 14. 14. 14. 14. 14. 14. 14. 14. 14. 13. 13. 13. 13. 13. 13. 13.
 13. 13.]
	 RN : [15. 15. 15. 15. 15. 15. 15. 15. 15. 14. 14. 14. 14. 14. 14. 14. 14. 14.
 14. 14.]
	 Queue Understanding : deque([11, 12, 13, 14, 15, 16, 17, 18, 19, 0, 1, 2, 3, 4, 5, 6, 7, 8])
32:17: I'm 10 and sending the token to 11.
	 LN : [14. 14. 14. 14. 14. 14. 14. 14. 14. 14. 14. 13. 13. 13. 13. 13. 13. 13.
 13. 13.]
	 RN : [15. 15. 15. 15. 15. 15. 15. 15. 15. 14. 14. 14. 14. 14. 14. 14. 14. 14.
 14. 14.]
	 Queue Understanding : deque([12, 13, 14, 15, 16, 17, 18, 19, 0, 1, 2, 3, 4, 5, 6, 7, 8])
32:19: I'm 10 and want a token for the 15 time.
	 LN : [14. 14. 14. 14. 14. 14. 14. 14. 14. 14. 14. 13. 13. 13. 13. 13. 13. 13.
 13. 13.]
	 RN : [15. 15. 15. 15. 15. 15. 15. 15. 15. 15. 15. 14. 14. 14. 14. 14. 14. 14.
 14. 14.]
	 Queue Understanding : deque([12, 13, 14, 15, 16, 17, 18, 19, 0, 1, 2, 3, 4, 5, 6, 7, 8])
33:27: I'm 10 and I got a token.
	 LN : [14. 14. 14. 14. 14. 14. 14. 14. 14. 14. 14. 13. 13. 13. 13. 13. 13. 13.
 13. 13.]
	 RN : [16. 16. 16. 16. 16. 16. 16. 16. 16. 15. 15. 15. 15. 15. 15. 15. 15. 15.
 15. 15.]
	 Queue Understanding : deque([12, 13, 14, 15, 16, 17, 18, 19, 0, 1, 2, 3, 4, 5, 6, 7, 8])
33:27: I am 10 and execute 15 CS.
	 LN : [15. 15. 15. 15. 15. 15. 15. 15. 15. 15. 14. 14. 14. 14. 14. 14. 14. 14.
 14. 14.]
	 RN : [16. 16. 16. 16. 16. 16. 16. 16. 16. 15. 15. 15. 15. 15. 15. 15. 15. 15.
 15. 15.]
	 Queue Understanding : deque([11, 12, 13, 14, 15, 16, 17, 18, 19, 0, 1, 2, 3, 4, 5, 6, 7])
33:30: I'm 10 and finished 15 CS.
	 LN : [15. 15. 15. 15. 15. 15. 15. 15. 15. 15. 14. 14. 14. 14. 14. 14. 14. 14.
 14. 14.]
	 RN : [16. 16. 16. 16. 16. 16. 16. 16. 16. 15. 15. 15. 15. 15. 15. 15. 15. 15.
 15. 15.]
	 Queue Understanding : deque([11, 12, 13, 14, 15, 16, 17, 18, 19, 0, 1, 2, 3, 4, 5, 6, 7])
33:30: I'm 10 and it adds 8 to the queue. Queue after adding: deque([11, 12, 13, 14, 15, 16, 17, 18, 19, 0, 1, 2, 3, 4, 5, 6, 7, 8]).
	 LN : [15. 15. 15. 15. 15. 15. 15. 15. 15. 15. 15. 14. 14. 14. 14. 14. 14. 14.
 14. 14.]
	 RN : [16. 16. 16. 16. 16. 16. 16. 16. 16. 15. 15. 15. 15. 15. 15. 15. 15. 15.
 15. 15.]
	 Queue Understanding : deque([11, 12, 13, 14, 15, 16, 17, 18, 19, 0, 1, 2, 3, 4, 5, 6, 7, 8])
33:30: I'm 10 and sending the token to 11.
	 LN : [15. 15. 15. 15. 15. 15. 15. 15. 15. 15. 15. 14. 14. 14. 14. 14. 14. 14.
 14. 14.]
	 RN : [16. 16. 16. 16. 16. 16. 16. 16. 16. 15. 15. 15. 15. 15. 15. 15. 15. 15.
 15. 15.]
	 Queue Understanding : deque([12, 13, 14, 15, 16, 17, 18, 19, 0, 1, 2, 3, 4, 5, 6, 7, 8])
33:32: I'm 10 and want a token for the 16 time.
	 LN : [15. 15. 15. 15. 15. 15. 15. 15. 15. 15. 15. 14. 14. 14. 14. 14. 14. 14.
 14. 14.]
	 RN : [16. 16. 16. 16. 16. 16. 16. 16. 16. 16. 16. 15. 15. 15. 15. 15. 15. 15.
 15. 15.]
	 Queue Understanding : deque([12, 13, 14, 15, 16, 17, 18, 19, 0, 1, 2, 3, 4, 5, 6, 7, 8])
