51:24: I'm 17 and want a token for the 1 time.
	 LN : [0. 0. 0. 0. 0. 0. 0. 0. 0. 0. 0. 0. 0. 0. 0. 0. 0. 0. 0. 0.]
	 RN : [1. 1. 1. 1. 1. 1. 1. 1. 1. 1. 1. 1. 1. 1. 1. 1. 1. 1. 1. 1.]
	 Queue Understanding : deque([])
52:22: I'm 17 and I got a token.
	 LN : [0. 0. 0. 0. 0. 0. 0. 0. 0. 0. 0. 0. 0. 0. 0. 0. 0. 0. 0. 0.]
	 RN : [2. 2. 2. 2. 2. 2. 2. 2. 2. 2. 2. 2. 2. 2. 2. 2. 1. 1. 1. 1.]
	 Queue Understanding : deque([])
52:22: I am 17 and execute 1 CS.
	 LN : [1. 1. 1. 1. 1. 1. 1. 1. 1. 1. 1. 1. 1. 1. 1. 1. 1. 0. 0. 0.]
	 RN : [2. 2. 2. 2. 2. 2. 2. 2. 2. 2. 2. 2. 2. 2. 2. 2. 1. 1. 1. 1.]
	 Queue Understanding : deque([18, 19, 0, 1, 2, 3, 4, 5, 6, 7, 8, 9, 10, 11, 12, 13, 14])
52:24: I'm 17 and finished 1 CS.
	 LN : [1. 1. 1. 1. 1. 1. 1. 1. 1. 1. 1. 1. 1. 1. 1. 1. 1. 0. 0. 0.]
	 RN : [2. 2. 2. 2. 2. 2. 2. 2. 2. 2. 2. 2. 2. 2. 2. 2. 1. 1. 1. 1.]
	 Queue Understanding : deque([18, 19, 0, 1, 2, 3, 4, 5, 6, 7, 8, 9, 10, 11, 12, 13, 14])
52:24: I'm 17 and it adds 15 to the queue. Queue after adding: deque([18, 19, 0, 1, 2, 3, 4, 5, 6, 7, 8, 9, 10, 11, 12, 13, 14, 15]).
	 LN : [1. 1. 1. 1. 1. 1. 1. 1. 1. 1. 1. 1. 1. 1. 1. 1. 1. 1. 0. 0.]
	 RN : [2. 2. 2. 2. 2. 2. 2. 2. 2. 2. 2. 2. 2. 2. 2. 2. 1. 1. 1. 1.]
	 Queue Understanding : deque([18, 19, 0, 1, 2, 3, 4, 5, 6, 7, 8, 9, 10, 11, 12, 13, 14, 15])
52:24: I'm 17 and sending the token to 18.
	 LN : [1. 1. 1. 1. 1. 1. 1. 1. 1. 1. 1. 1. 1. 1. 1. 1. 1. 1. 0. 0.]
	 RN : [2. 2. 2. 2. 2. 2. 2. 2. 2. 2. 2. 2. 2. 2. 2. 2. 1. 1. 1. 1.]
	 Queue Understanding : deque([19, 0, 1, 2, 3, 4, 5, 6, 7, 8, 9, 10, 11, 12, 13, 14, 15])
52:26: I'm 17 and want a token for the 2 time.
	 LN : [1. 1. 1. 1. 1. 1. 1. 1. 1. 1. 1. 1. 1. 1. 1. 1. 1. 1. 0. 0.]
	 RN : [2. 2. 2. 2. 2. 2. 2. 2. 2. 2. 2. 2. 2. 2. 2. 2. 2. 2. 1. 1.]
	 Queue Understanding : deque([19, 0, 1, 2, 3, 4, 5, 6, 7, 8, 9, 10, 11, 12, 13, 14, 15])
53:31: I'm 17 and I got a token.
	 LN : [1. 1. 1. 1. 1. 1. 1. 1. 1. 1. 1. 1. 1. 1. 1. 1. 1. 1. 0. 0.]
	 RN : [3. 3. 3. 3. 3. 3. 3. 3. 3. 3. 3. 3. 3. 3. 3. 3. 2. 2. 2. 2.]
	 Queue Understanding : deque([19, 0, 1, 2, 3, 4, 5, 6, 7, 8, 9, 10, 11, 12, 13, 14, 15])
53:31: I am 17 and execute 2 CS.
	 LN : [2. 2. 2. 2. 2. 2. 2. 2. 2. 2. 2. 2. 2. 2. 2. 2. 2. 1. 1. 1.]
	 RN : [3. 3. 3. 3. 3. 3. 3. 3. 3. 3. 3. 3. 3. 3. 3. 3. 2. 2. 2. 2.]
	 Queue Understanding : deque([18, 19, 0, 1, 2, 3, 4, 5, 6, 7, 8, 9, 10, 11, 12, 13])
53:34: I'm 17 and finished 2 CS.
	 LN : [2. 2. 2. 2. 2. 2. 2. 2. 2. 2. 2. 2. 2. 2. 2. 2. 2. 1. 1. 1.]
	 RN : [3. 3. 3. 3. 3. 3. 3. 3. 3. 3. 3. 3. 3. 3. 3. 3. 2. 2. 2. 2.]
	 Queue Understanding : deque([18, 19, 0, 1, 2, 3, 4, 5, 6, 7, 8, 9, 10, 11, 12, 13])
53:34: I'm 17 and it adds 14 to the queue. Queue after adding: deque([18, 19, 0, 1, 2, 3, 4, 5, 6, 7, 8, 9, 10, 11, 12, 13, 14]).
	 LN : [2. 2. 2. 2. 2. 2. 2. 2. 2. 2. 2. 2. 2. 2. 2. 2. 2. 2. 1. 1.]
	 RN : [3. 3. 3. 3. 3. 3. 3. 3. 3. 3. 3. 3. 3. 3. 3. 3. 2. 2. 2. 2.]
	 Queue Understanding : deque([18, 19, 0, 1, 2, 3, 4, 5, 6, 7, 8, 9, 10, 11, 12, 13, 14])
53:34: I'm 17 and it adds 15 to the queue. Queue after adding: deque([18, 19, 0, 1, 2, 3, 4, 5, 6, 7, 8, 9, 10, 11, 12, 13, 14, 15]).
	 LN : [2. 2. 2. 2. 2. 2. 2. 2. 2. 2. 2. 2. 2. 2. 2. 2. 2. 2. 1. 1.]
	 RN : [3. 3. 3. 3. 3. 3. 3. 3. 3. 3. 3. 3. 3. 3. 3. 3. 2. 2. 2. 2.]
	 Queue Understanding : deque([18, 19, 0, 1, 2, 3, 4, 5, 6, 7, 8, 9, 10, 11, 12, 13, 14, 15])
53:34: I'm 17 and sending the token to 18.
	 LN : [2. 2. 2. 2. 2. 2. 2. 2. 2. 2. 2. 2. 2. 2. 2. 2. 2. 2. 1. 1.]
	 RN : [3. 3. 3. 3. 3. 3. 3. 3. 3. 3. 3. 3. 3. 3. 3. 3. 2. 2. 2. 2.]
	 Queue Understanding : deque([19, 0, 1, 2, 3, 4, 5, 6, 7, 8, 9, 10, 11, 12, 13, 14, 15])
53:37: I'm 17 and want a token for the 3 time.
	 LN : [2. 2. 2. 2. 2. 2. 2. 2. 2. 2. 2. 2. 2. 2. 2. 2. 2. 2. 1. 1.]
	 RN : [3. 3. 3. 3. 3. 3. 3. 3. 3. 3. 3. 3. 3. 3. 3. 3. 3. 3. 2. 2.]
	 Queue Understanding : deque([19, 0, 1, 2, 3, 4, 5, 6, 7, 8, 9, 10, 11, 12, 13, 14, 15])
54:41: I'm 17 and I got a token.
	 LN : [2. 2. 2. 2. 2. 2. 2. 2. 2. 2. 2. 2. 2. 2. 2. 2. 2. 2. 1. 1.]
	 RN : [4. 4. 4. 4. 4. 4. 4. 4. 4. 4. 4. 4. 4. 4. 4. 4. 3. 3. 3. 3.]
	 Queue Understanding : deque([19, 0, 1, 2, 3, 4, 5, 6, 7, 8, 9, 10, 11, 12, 13, 14, 15])
54:41: I am 17 and execute 3 CS.
	 LN : [3. 3. 3. 3. 3. 3. 3. 3. 3. 3. 3. 3. 3. 3. 3. 3. 3. 2. 2. 2.]
	 RN : [4. 4. 4. 4. 4. 4. 4. 4. 4. 4. 4. 4. 4. 4. 4. 4. 3. 3. 3. 3.]
	 Queue Understanding : deque([18, 19, 0, 1, 2, 3, 4, 5, 6, 7, 8, 9, 10, 11, 12, 13, 14])
54:44: I'm 17 and finished 3 CS.
	 LN : [3. 3. 3. 3. 3. 3. 3. 3. 3. 3. 3. 3. 3. 3. 3. 3. 3. 2. 2. 2.]
	 RN : [4. 4. 4. 4. 4. 4. 4. 4. 4. 4. 4. 4. 4. 4. 4. 4. 3. 3. 3. 3.]
	 Queue Understanding : deque([18, 19, 0, 1, 2, 3, 4, 5, 6, 7, 8, 9, 10, 11, 12, 13, 14])
54:44: I'm 17 and it adds 15 to the queue. Queue after adding: deque([18, 19, 0, 1, 2, 3, 4, 5, 6, 7, 8, 9, 10, 11, 12, 13, 14, 15]).
	 LN : [3. 3. 3. 3. 3. 3. 3. 3. 3. 3. 3. 3. 3. 3. 3. 3. 3. 3. 2. 2.]
	 RN : [4. 4. 4. 4. 4. 4. 4. 4. 4. 4. 4. 4. 4. 4. 4. 4. 3. 3. 3. 3.]
	 Queue Understanding : deque([18, 19, 0, 1, 2, 3, 4, 5, 6, 7, 8, 9, 10, 11, 12, 13, 14, 15])
54:44: I'm 17 and sending the token to 18.
	 LN : [3. 3. 3. 3. 3. 3. 3. 3. 3. 3. 3. 3. 3. 3. 3. 3. 3. 3. 2. 2.]
	 RN : [4. 4. 4. 4. 4. 4. 4. 4. 4. 4. 4. 4. 4. 4. 4. 4. 3. 3. 3. 3.]
	 Queue Understanding : deque([19, 0, 1, 2, 3, 4, 5, 6, 7, 8, 9, 10, 11, 12, 13, 14, 15])
54:45: I'm 17 and want a token for the 4 time.
	 LN : [3. 3. 3. 3. 3. 3. 3. 3. 3. 3. 3. 3. 3. 3. 3. 3. 3. 3. 2. 2.]
	 RN : [4. 4. 4. 4. 4. 4. 4. 4. 4. 4. 4. 4. 4. 4. 4. 4. 4. 4. 3. 3.]
	 Queue Understanding : deque([19, 0, 1, 2, 3, 4, 5, 6, 7, 8, 9, 10, 11, 12, 13, 14, 15])
55:55: I'm 17 and I got a token.
	 LN : [3. 3. 3. 3. 3. 3. 3. 3. 3. 3. 3. 3. 3. 3. 3. 3. 3. 3. 2. 2.]
	 RN : [5. 5. 5. 5. 5. 5. 5. 5. 5. 5. 5. 5. 5. 5. 5. 5. 4. 4. 4. 4.]
	 Queue Understanding : deque([19, 0, 1, 2, 3, 4, 5, 6, 7, 8, 9, 10, 11, 12, 13, 14, 15])
55:55: I am 17 and execute 4 CS.
	 LN : [4. 4. 4. 4. 4. 4. 4. 4. 4. 4. 4. 4. 4. 4. 4. 4. 4. 3. 3. 3.]
	 RN : [5. 5. 5. 5. 5. 5. 5. 5. 5. 5. 5. 5. 5. 5. 5. 5. 4. 4. 4. 4.]
	 Queue Understanding : deque([18, 19, 0, 1, 2, 3, 4, 5, 6, 7, 8, 9, 10, 11, 12, 13, 14])
56:00: I'm 17 and finished 4 CS.
	 LN : [4. 4. 4. 4. 4. 4. 4. 4. 4. 4. 4. 4. 4. 4. 4. 4. 4. 3. 3. 3.]
	 RN : [5. 5. 5. 5. 5. 5. 5. 5. 5. 5. 5. 5. 5. 5. 5. 5. 4. 4. 4. 4.]
	 Queue Understanding : deque([18, 19, 0, 1, 2, 3, 4, 5, 6, 7, 8, 9, 10, 11, 12, 13, 14])
56:00: I'm 17 and it adds 15 to the queue. Queue after adding: deque([18, 19, 0, 1, 2, 3, 4, 5, 6, 7, 8, 9, 10, 11, 12, 13, 14, 15]).
	 LN : [4. 4. 4. 4. 4. 4. 4. 4. 4. 4. 4. 4. 4. 4. 4. 4. 4. 4. 3. 3.]
	 RN : [5. 5. 5. 5. 5. 5. 5. 5. 5. 5. 5. 5. 5. 5. 5. 5. 4. 4. 4. 4.]
	 Queue Understanding : deque([18, 19, 0, 1, 2, 3, 4, 5, 6, 7, 8, 9, 10, 11, 12, 13, 14, 15])
56:00: I'm 17 and sending the token to 18.
	 LN : [4. 4. 4. 4. 4. 4. 4. 4. 4. 4. 4. 4. 4. 4. 4. 4. 4. 4. 3. 3.]
	 RN : [5. 5. 5. 5. 5. 5. 5. 5. 5. 5. 5. 5. 5. 5. 5. 5. 4. 4. 4. 4.]
	 Queue Understanding : deque([19, 0, 1, 2, 3, 4, 5, 6, 7, 8, 9, 10, 11, 12, 13, 14, 15])
56:02: I'm 17 and want a token for the 5 time.
	 LN : [4. 4. 4. 4. 4. 4. 4. 4. 4. 4. 4. 4. 4. 4. 4. 4. 4. 4. 3. 3.]
	 RN : [5. 5. 5. 5. 5. 5. 5. 5. 5. 5. 5. 5. 5. 5. 5. 5. 5. 5. 4. 4.]
	 Queue Understanding : deque([19, 0, 1, 2, 3, 4, 5, 6, 7, 8, 9, 10, 11, 12, 13, 14, 15])
57:05: I'm 17 and I got a token.
	 LN : [4. 4. 4. 4. 4. 4. 4. 4. 4. 4. 4. 4. 4. 4. 4. 4. 4. 4. 3. 3.]
	 RN : [6. 6. 6. 6. 6. 6. 6. 6. 6. 6. 6. 6. 6. 6. 6. 6. 5. 5. 5. 5.]
	 Queue Understanding : deque([19, 0, 1, 2, 3, 4, 5, 6, 7, 8, 9, 10, 11, 12, 13, 14, 15])
57:05: I am 17 and execute 5 CS.
	 LN : [5. 5. 5. 5. 5. 5. 5. 5. 5. 5. 5. 5. 5. 5. 5. 5. 5. 4. 4. 4.]
	 RN : [6. 6. 6. 6. 6. 6. 6. 6. 6. 6. 6. 6. 6. 6. 6. 6. 5. 5. 5. 5.]
	 Queue Understanding : deque([18, 19, 0, 1, 2, 3, 4, 5, 6, 7, 8, 9, 10, 11, 12, 13, 14])
57:09: I'm 17 and finished 5 CS.
	 LN : [5. 5. 5. 5. 5. 5. 5. 5. 5. 5. 5. 5. 5. 5. 5. 5. 5. 4. 4. 4.]
	 RN : [6. 6. 6. 6. 6. 6. 6. 6. 6. 6. 6. 6. 6. 6. 6. 6. 5. 5. 5. 5.]
	 Queue Understanding : deque([18, 19, 0, 1, 2, 3, 4, 5, 6, 7, 8, 9, 10, 11, 12, 13, 14])
57:09: I'm 17 and it adds 15 to the queue. Queue after adding: deque([18, 19, 0, 1, 2, 3, 4, 5, 6, 7, 8, 9, 10, 11, 12, 13, 14, 15]).
	 LN : [5. 5. 5. 5. 5. 5. 5. 5. 5. 5. 5. 5. 5. 5. 5. 5. 5. 5. 4. 4.]
	 RN : [6. 6. 6. 6. 6. 6. 6. 6. 6. 6. 6. 6. 6. 6. 6. 6. 5. 5. 5. 5.]
	 Queue Understanding : deque([18, 19, 0, 1, 2, 3, 4, 5, 6, 7, 8, 9, 10, 11, 12, 13, 14, 15])
57:09: I'm 17 and sending the token to 18.
	 LN : [5. 5. 5. 5. 5. 5. 5. 5. 5. 5. 5. 5. 5. 5. 5. 5. 5. 5. 4. 4.]
	 RN : [6. 6. 6. 6. 6. 6. 6. 6. 6. 6. 6. 6. 6. 6. 6. 6. 5. 5. 5. 5.]
	 Queue Understanding : deque([19, 0, 1, 2, 3, 4, 5, 6, 7, 8, 9, 10, 11, 12, 13, 14, 15])
57:10: I'm 17 and want a token for the 6 time.
	 LN : [5. 5. 5. 5. 5. 5. 5. 5. 5. 5. 5. 5. 5. 5. 5. 5. 5. 5. 4. 4.]
	 RN : [6. 6. 6. 6. 6. 6. 6. 6. 6. 6. 6. 6. 6. 6. 6. 6. 6. 6. 5. 5.]
	 Queue Understanding : deque([19, 0, 1, 2, 3, 4, 5, 6, 7, 8, 9, 10, 11, 12, 13, 14, 15])
58:19: I'm 17 and I got a token.
	 LN : [5. 5. 5. 5. 5. 5. 5. 5. 5. 5. 5. 5. 5. 5. 5. 5. 5. 5. 4. 4.]
	 RN : [7. 7. 7. 7. 7. 7. 7. 7. 7. 7. 7. 7. 7. 7. 7. 7. 6. 6. 6. 6.]
	 Queue Understanding : deque([19, 0, 1, 2, 3, 4, 5, 6, 7, 8, 9, 10, 11, 12, 13, 14, 15])
58:19: I am 17 and execute 6 CS.
	 LN : [6. 6. 6. 6. 6. 6. 6. 6. 6. 6. 6. 6. 6. 6. 6. 6. 6. 5. 5. 5.]
	 RN : [7. 7. 7. 7. 7. 7. 7. 7. 7. 7. 7. 7. 7. 7. 7. 7. 6. 6. 6. 6.]
	 Queue Understanding : deque([18, 0, 19, 1, 2, 3, 4, 5, 6, 7, 8, 9, 10, 11, 12, 13, 14])
58:22: I'm 17 and finished 6 CS.
	 LN : [6. 6. 6. 6. 6. 6. 6. 6. 6. 6. 6. 6. 6. 6. 6. 6. 6. 5. 5. 5.]
	 RN : [7. 7. 7. 7. 7. 7. 7. 7. 7. 7. 7. 7. 7. 7. 7. 7. 6. 6. 6. 6.]
	 Queue Understanding : deque([18, 0, 19, 1, 2, 3, 4, 5, 6, 7, 8, 9, 10, 11, 12, 13, 14])
58:22: I'm 17 and it adds 15 to the queue. Queue after adding: deque([18, 0, 19, 1, 2, 3, 4, 5, 6, 7, 8, 9, 10, 11, 12, 13, 14, 15]).
	 LN : [6. 6. 6. 6. 6. 6. 6. 6. 6. 6. 6. 6. 6. 6. 6. 6. 6. 6. 5. 5.]
	 RN : [7. 7. 7. 7. 7. 7. 7. 7. 7. 7. 7. 7. 7. 7. 7. 7. 6. 6. 6. 6.]
	 Queue Understanding : deque([18, 0, 19, 1, 2, 3, 4, 5, 6, 7, 8, 9, 10, 11, 12, 13, 14, 15])
58:22: I'm 17 and sending the token to 18.
	 LN : [6. 6. 6. 6. 6. 6. 6. 6. 6. 6. 6. 6. 6. 6. 6. 6. 6. 6. 5. 5.]
	 RN : [7. 7. 7. 7. 7. 7. 7. 7. 7. 7. 7. 7. 7. 7. 7. 7. 6. 6. 6. 6.]
	 Queue Understanding : deque([0, 19, 1, 2, 3, 4, 5, 6, 7, 8, 9, 10, 11, 12, 13, 14, 15])
58:23: I'm 17 and want a token for the 7 time.
	 LN : [6. 6. 6. 6. 6. 6. 6. 6. 6. 6. 6. 6. 6. 6. 6. 6. 6. 6. 5. 5.]
	 RN : [7. 7. 7. 7. 7. 7. 7. 7. 7. 7. 7. 7. 7. 7. 7. 7. 7. 7. 6. 6.]
	 Queue Understanding : deque([0, 19, 1, 2, 3, 4, 5, 6, 7, 8, 9, 10, 11, 12, 13, 14, 15])
59:26: I'm 17 and I got a token.
	 LN : [6. 6. 6. 6. 6. 6. 6. 6. 6. 6. 6. 6. 6. 6. 6. 6. 6. 6. 5. 5.]
	 RN : [8. 8. 8. 8. 8. 8. 8. 8. 8. 8. 8. 8. 8. 8. 8. 7. 7. 7. 7. 7.]
	 Queue Understanding : deque([0, 19, 1, 2, 3, 4, 5, 6, 7, 8, 9, 10, 11, 12, 13, 14, 15])
59:26: I am 17 and execute 7 CS.
	 LN : [7. 7. 7. 7. 7. 7. 7. 7. 7. 7. 7. 7. 7. 7. 7. 7. 7. 6. 6. 6.]
	 RN : [8. 8. 8. 8. 8. 8. 8. 8. 8. 8. 8. 8. 8. 8. 8. 7. 7. 7. 7. 7.]
	 Queue Understanding : deque([18, 0, 19, 1, 2, 3, 4, 5, 6, 7, 8, 9, 10, 11, 12, 13, 14])
59:31: I'm 17 and finished 7 CS.
	 LN : [7. 7. 7. 7. 7. 7. 7. 7. 7. 7. 7. 7. 7. 7. 7. 7. 7. 6. 6. 6.]
	 RN : [8. 8. 8. 8. 8. 8. 8. 8. 8. 8. 8. 8. 8. 8. 8. 7. 7. 7. 7. 7.]
	 Queue Understanding : deque([18, 0, 19, 1, 2, 3, 4, 5, 6, 7, 8, 9, 10, 11, 12, 13, 14])
59:31: I'm 17 and sending the token to 18.
	 LN : [7. 7. 7. 7. 7. 7. 7. 7. 7. 7. 7. 7. 7. 7. 7. 7. 7. 7. 6. 6.]
	 RN : [8. 8. 8. 8. 8. 8. 8. 8. 8. 8. 8. 8. 8. 8. 8. 7. 7. 7. 7. 7.]
	 Queue Understanding : deque([0, 19, 1, 2, 3, 4, 5, 6, 7, 8, 9, 10, 11, 12, 13, 14])
59:33: I'm 17 and want a token for the 8 time.
	 LN : [7. 7. 7. 7. 7. 7. 7. 7. 7. 7. 7. 7. 7. 7. 7. 7. 7. 7. 6. 6.]
	 RN : [8. 8. 8. 8. 8. 8. 8. 8. 8. 8. 8. 8. 8. 8. 8. 8. 8. 8. 7. 7.]
	 Queue Understanding : deque([0, 19, 1, 2, 3, 4, 5, 6, 7, 8, 9, 10, 11, 12, 13, 14])
00:33: I'm 17 and I got a token.
	 LN : [7. 7. 7. 7. 7. 7. 7. 7. 7. 7. 7. 7. 7. 7. 7. 7. 7. 7. 6. 6.]
	 RN : [9. 9. 9. 9. 9. 9. 9. 9. 9. 9. 9. 9. 9. 9. 9. 9. 8. 8. 8. 8.]
	 Queue Understanding : deque([0, 19, 1, 2, 3, 4, 5, 6, 7, 8, 9, 10, 11, 12, 13, 14])
00:33: I am 17 and execute 8 CS.
	 LN : [8. 8. 8. 8. 8. 8. 8. 8. 8. 8. 8. 8. 8. 8. 8. 8. 8. 7. 7. 7.]
	 RN : [9. 9. 9. 9. 9. 9. 9. 9. 9. 9. 9. 9. 9. 9. 9. 9. 8. 8. 8. 8.]
	 Queue Understanding : deque([18, 0, 19, 1, 2, 3, 4, 5, 6, 7, 8, 9, 10, 11, 12, 13, 14])
00:36: I'm 17 and finished 8 CS.
	 LN : [8. 8. 8. 8. 8. 8. 8. 8. 8. 8. 8. 8. 8. 8. 8. 8. 8. 7. 7. 7.]
	 RN : [9. 9. 9. 9. 9. 9. 9. 9. 9. 9. 9. 9. 9. 9. 9. 9. 8. 8. 8. 8.]
	 Queue Understanding : deque([18, 0, 19, 1, 2, 3, 4, 5, 6, 7, 8, 9, 10, 11, 12, 13, 14])
00:36: I'm 17 and it adds 15 to the queue. Queue after adding: deque([18, 0, 19, 1, 2, 3, 4, 5, 6, 7, 8, 9, 10, 11, 12, 13, 14, 15]).
	 LN : [8. 8. 8. 8. 8. 8. 8. 8. 8. 8. 8. 8. 8. 8. 8. 8. 8. 8. 7. 7.]
	 RN : [9. 9. 9. 9. 9. 9. 9. 9. 9. 9. 9. 9. 9. 9. 9. 9. 8. 8. 8. 8.]
	 Queue Understanding : deque([18, 0, 19, 1, 2, 3, 4, 5, 6, 7, 8, 9, 10, 11, 12, 13, 14, 15])
00:36: I'm 17 and sending the token to 18.
	 LN : [8. 8. 8. 8. 8. 8. 8. 8. 8. 8. 8. 8. 8. 8. 8. 8. 8. 8. 7. 7.]
	 RN : [9. 9. 9. 9. 9. 9. 9. 9. 9. 9. 9. 9. 9. 9. 9. 9. 8. 8. 8. 8.]
	 Queue Understanding : deque([0, 19, 1, 2, 3, 4, 5, 6, 7, 8, 9, 10, 11, 12, 13, 14, 15])
00:38: I'm 17 and want a token for the 9 time.
	 LN : [8. 8. 8. 8. 8. 8. 8. 8. 8. 8. 8. 8. 8. 8. 8. 8. 8. 8. 7. 7.]
	 RN : [9. 9. 9. 9. 9. 9. 9. 9. 9. 9. 9. 9. 9. 9. 9. 9. 9. 9. 8. 8.]
	 Queue Understanding : deque([0, 19, 1, 2, 3, 4, 5, 6, 7, 8, 9, 10, 11, 12, 13, 14, 15])
01:53: I'm 17 and I got a token.
	 LN : [8. 8. 8. 8. 8. 8. 8. 8. 8. 8. 8. 8. 8. 8. 8. 8. 8. 8. 7. 7.]
	 RN : [10. 10. 10. 10. 10. 10. 10. 10. 10. 10. 10. 10. 10. 10. 10. 10.  9.  9.
  9.  9.]
	 Queue Understanding : deque([0, 19, 1, 2, 3, 4, 5, 6, 7, 8, 9, 10, 11, 12, 13, 14, 15])
01:53: I am 17 and execute 9 CS.
	 LN : [9. 9. 9. 9. 9. 9. 9. 9. 9. 9. 9. 9. 9. 9. 9. 9. 9. 8. 8. 8.]
	 RN : [10. 10. 10. 10. 10. 10. 10. 10. 10. 10. 10. 10. 10. 10. 10. 10.  9.  9.
  9.  9.]
	 Queue Understanding : deque([18, 0, 19, 1, 2, 3, 4, 5, 6, 7, 8, 9, 10, 11, 12, 13, 14])
01:58: I'm 17 and finished 9 CS.
	 LN : [9. 9. 9. 9. 9. 9. 9. 9. 9. 9. 9. 9. 9. 9. 9. 9. 9. 8. 8. 8.]
	 RN : [10. 10. 10. 10. 10. 10. 10. 10. 10. 10. 10. 10. 10. 10. 10. 10.  9.  9.
  9.  9.]
	 Queue Understanding : deque([18, 0, 19, 1, 2, 3, 4, 5, 6, 7, 8, 9, 10, 11, 12, 13, 14])
01:58: I'm 17 and it adds 15 to the queue. Queue after adding: deque([18, 0, 19, 1, 2, 3, 4, 5, 6, 7, 8, 9, 10, 11, 12, 13, 14, 15]).
	 LN : [9. 9. 9. 9. 9. 9. 9. 9. 9. 9. 9. 9. 9. 9. 9. 9. 9. 9. 8. 8.]
	 RN : [10. 10. 10. 10. 10. 10. 10. 10. 10. 10. 10. 10. 10. 10. 10. 10.  9.  9.
  9.  9.]
	 Queue Understanding : deque([18, 0, 19, 1, 2, 3, 4, 5, 6, 7, 8, 9, 10, 11, 12, 13, 14, 15])
01:58: I'm 17 and sending the token to 18.
	 LN : [9. 9. 9. 9. 9. 9. 9. 9. 9. 9. 9. 9. 9. 9. 9. 9. 9. 9. 8. 8.]
	 RN : [10. 10. 10. 10. 10. 10. 10. 10. 10. 10. 10. 10. 10. 10. 10. 10.  9.  9.
  9.  9.]
	 Queue Understanding : deque([0, 19, 1, 2, 3, 4, 5, 6, 7, 8, 9, 10, 11, 12, 13, 14, 15])
02:01: I'm 17 and want a token for the 10 time.
	 LN : [9. 9. 9. 9. 9. 9. 9. 9. 9. 9. 9. 9. 9. 9. 9. 9. 9. 9. 8. 8.]
	 RN : [10. 10. 10. 10. 10. 10. 10. 10. 10. 10. 10. 10. 10. 10. 10. 10. 10. 10.
  9.  9.]
	 Queue Understanding : deque([0, 19, 1, 2, 3, 4, 5, 6, 7, 8, 9, 10, 11, 12, 13, 14, 15])
03:07: I'm 17 and I got a token.
	 LN : [9. 9. 9. 9. 9. 9. 9. 9. 9. 9. 9. 9. 9. 9. 9. 9. 9. 9. 8. 8.]
	 RN : [11. 11. 11. 11. 11. 11. 11. 11. 11. 11. 11. 11. 11. 11. 11. 11. 10. 10.
 10. 10.]
	 Queue Understanding : deque([0, 19, 1, 2, 3, 4, 5, 6, 7, 8, 9, 10, 11, 12, 13, 14, 15])
03:07: I am 17 and execute 10 CS.
	 LN : [10. 10. 10. 10. 10. 10. 10. 10. 10. 10. 10. 10. 10. 10. 10. 10. 10.  9.
  9.  9.]
	 RN : [11. 11. 11. 11. 11. 11. 11. 11. 11. 11. 11. 11. 11. 11. 11. 11. 10. 10.
 10. 10.]
	 Queue Understanding : deque([18, 0, 19, 1, 2, 3, 4, 5, 6, 7, 8, 9, 10, 11, 12, 13, 14])
03:11: I'm 17 and finished 10 CS.
	 LN : [10. 10. 10. 10. 10. 10. 10. 10. 10. 10. 10. 10. 10. 10. 10. 10. 10.  9.
  9.  9.]
	 RN : [11. 11. 11. 11. 11. 11. 11. 11. 11. 11. 11. 11. 11. 11. 11. 11. 10. 10.
 10. 10.]
	 Queue Understanding : deque([18, 0, 19, 1, 2, 3, 4, 5, 6, 7, 8, 9, 10, 11, 12, 13, 14])
03:11: I'm 17 and it adds 15 to the queue. Queue after adding: deque([18, 0, 19, 1, 2, 3, 4, 5, 6, 7, 8, 9, 10, 11, 12, 13, 14, 15]).
	 LN : [10. 10. 10. 10. 10. 10. 10. 10. 10. 10. 10. 10. 10. 10. 10. 10. 10. 10.
  9.  9.]
	 RN : [11. 11. 11. 11. 11. 11. 11. 11. 11. 11. 11. 11. 11. 11. 11. 11. 10. 10.
 10. 10.]
	 Queue Understanding : deque([18, 0, 19, 1, 2, 3, 4, 5, 6, 7, 8, 9, 10, 11, 12, 13, 14, 15])
03:11: I'm 17 and sending the token to 18.
	 LN : [10. 10. 10. 10. 10. 10. 10. 10. 10. 10. 10. 10. 10. 10. 10. 10. 10. 10.
  9.  9.]
	 RN : [11. 11. 11. 11. 11. 11. 11. 11. 11. 11. 11. 11. 11. 11. 11. 11. 10. 10.
 10. 10.]
	 Queue Understanding : deque([0, 19, 1, 2, 3, 4, 5, 6, 7, 8, 9, 10, 11, 12, 13, 14, 15])
03:14: I'm 17 and want a token for the 11 time.
	 LN : [10. 10. 10. 10. 10. 10. 10. 10. 10. 10. 10. 10. 10. 10. 10. 10. 10. 10.
  9.  9.]
	 RN : [11. 11. 11. 11. 11. 11. 11. 11. 11. 11. 11. 11. 11. 11. 11. 11. 11. 11.
 10. 10.]
	 Queue Understanding : deque([0, 19, 1, 2, 3, 4, 5, 6, 7, 8, 9, 10, 11, 12, 13, 14, 15])
04:19: I'm 17 and I got a token.
	 LN : [10. 10. 10. 10. 10. 10. 10. 10. 10. 10. 10. 10. 10. 10. 10. 10. 10. 10.
  9.  9.]
	 RN : [12. 12. 12. 12. 12. 12. 12. 12. 12. 12. 12. 12. 12. 12. 12. 12. 11. 11.
 11. 11.]
	 Queue Understanding : deque([0, 19, 1, 2, 3, 4, 5, 6, 7, 8, 9, 10, 11, 12, 13, 14, 15])
04:19: I am 17 and execute 11 CS.
	 LN : [11. 11. 11. 11. 11. 11. 11. 11. 11. 11. 11. 11. 11. 11. 11. 11. 11. 10.
 10. 10.]
	 RN : [12. 12. 12. 12. 12. 12. 12. 12. 12. 12. 12. 12. 12. 12. 12. 12. 11. 11.
 11. 11.]
	 Queue Understanding : deque([0, 18, 19, 1, 2, 3, 4, 5, 6, 7, 8, 9, 10, 11, 12, 13, 14])
04:22: I'm 17 and finished 11 CS.
	 LN : [11. 11. 11. 11. 11. 11. 11. 11. 11. 11. 11. 11. 11. 11. 11. 11. 11. 10.
 10. 10.]
	 RN : [12. 12. 12. 12. 12. 12. 12. 12. 12. 12. 12. 12. 12. 12. 12. 12. 11. 11.
 11. 11.]
	 Queue Understanding : deque([0, 18, 19, 1, 2, 3, 4, 5, 6, 7, 8, 9, 10, 11, 12, 13, 14])
04:22: I'm 17 and it adds 15 to the queue. Queue after adding: deque([0, 18, 19, 1, 2, 3, 4, 5, 6, 7, 8, 9, 10, 11, 12, 13, 14, 15]).
	 LN : [11. 11. 11. 11. 11. 11. 11. 11. 11. 11. 11. 11. 11. 11. 11. 11. 11. 11.
 10. 10.]
	 RN : [12. 12. 12. 12. 12. 12. 12. 12. 12. 12. 12. 12. 12. 12. 12. 12. 11. 11.
 11. 11.]
	 Queue Understanding : deque([0, 18, 19, 1, 2, 3, 4, 5, 6, 7, 8, 9, 10, 11, 12, 13, 14, 15])
04:22: I'm 17 and sending the token to 0.
	 LN : [11. 11. 11. 11. 11. 11. 11. 11. 11. 11. 11. 11. 11. 11. 11. 11. 11. 11.
 10. 10.]
	 RN : [12. 12. 12. 12. 12. 12. 12. 12. 12. 12. 12. 12. 12. 12. 12. 12. 11. 11.
 11. 11.]
	 Queue Understanding : deque([18, 19, 1, 2, 3, 4, 5, 6, 7, 8, 9, 10, 11, 12, 13, 14, 15])
04:23: I'm 17 and want a token for the 12 time.
	 LN : [11. 11. 11. 11. 11. 11. 11. 11. 11. 11. 11. 11. 11. 11. 11. 11. 11. 11.
 10. 10.]
	 RN : [12. 12. 12. 12. 12. 12. 12. 12. 12. 12. 12. 12. 12. 12. 12. 12. 12. 12.
 11. 11.]
	 Queue Understanding : deque([18, 19, 1, 2, 3, 4, 5, 6, 7, 8, 9, 10, 11, 12, 13, 14, 15])
05:27: I'm 17 and I got a token.
	 LN : [11. 11. 11. 11. 11. 11. 11. 11. 11. 11. 11. 11. 11. 11. 11. 11. 11. 11.
 10. 10.]
	 RN : [13. 13. 13. 13. 13. 13. 13. 13. 13. 13. 13. 13. 13. 13. 13. 13. 12. 12.
 12. 12.]
	 Queue Understanding : deque([18, 19, 1, 2, 3, 4, 5, 6, 7, 8, 9, 10, 11, 12, 13, 14, 15])
05:27: I am 17 and execute 12 CS.
	 LN : [12. 12. 12. 12. 12. 12. 12. 12. 12. 12. 12. 12. 12. 12. 12. 12. 12. 11.
 11. 11.]
	 RN : [13. 13. 13. 13. 13. 13. 13. 13. 13. 13. 13. 13. 13. 13. 13. 13. 12. 12.
 12. 12.]
	 Queue Understanding : deque([0, 18, 19, 1, 2, 3, 4, 5, 6, 7, 8, 9, 10, 11, 12, 13, 14])
05:32: I'm 17 and finished 12 CS.
	 LN : [12. 12. 12. 12. 12. 12. 12. 12. 12. 12. 12. 12. 12. 12. 12. 12. 12. 11.
 11. 11.]
	 RN : [13. 13. 13. 13. 13. 13. 13. 13. 13. 13. 13. 13. 13. 13. 13. 13. 12. 12.
 12. 12.]
	 Queue Understanding : deque([0, 18, 19, 1, 2, 3, 4, 5, 6, 7, 8, 9, 10, 11, 12, 13, 14])
05:32: I'm 17 and it adds 15 to the queue. Queue after adding: deque([0, 18, 19, 1, 2, 3, 4, 5, 6, 7, 8, 9, 10, 11, 12, 13, 14, 15]).
	 LN : [12. 12. 12. 12. 12. 12. 12. 12. 12. 12. 12. 12. 12. 12. 12. 12. 12. 12.
 11. 11.]
	 RN : [13. 13. 13. 13. 13. 13. 13. 13. 13. 13. 13. 13. 13. 13. 13. 13. 12. 12.
 12. 12.]
	 Queue Understanding : deque([0, 18, 19, 1, 2, 3, 4, 5, 6, 7, 8, 9, 10, 11, 12, 13, 14, 15])
05:32: I'm 17 and sending the token to 0.
	 LN : [12. 12. 12. 12. 12. 12. 12. 12. 12. 12. 12. 12. 12. 12. 12. 12. 12. 12.
 11. 11.]
	 RN : [13. 13. 13. 13. 13. 13. 13. 13. 13. 13. 13. 13. 13. 13. 13. 13. 12. 12.
 12. 12.]
	 Queue Understanding : deque([18, 19, 1, 2, 3, 4, 5, 6, 7, 8, 9, 10, 11, 12, 13, 14, 15])
05:33: I'm 17 and want a token for the 13 time.
	 LN : [12. 12. 12. 12. 12. 12. 12. 12. 12. 12. 12. 12. 12. 12. 12. 12. 12. 12.
 11. 11.]
	 RN : [13. 13. 13. 13. 13. 13. 13. 13. 13. 13. 13. 13. 13. 13. 13. 13. 13. 13.
 12. 12.]
	 Queue Understanding : deque([18, 19, 1, 2, 3, 4, 5, 6, 7, 8, 9, 10, 11, 12, 13, 14, 15])
06:41: I'm 17 and I got a token.
	 LN : [12. 12. 12. 12. 12. 12. 12. 12. 12. 12. 12. 12. 12. 12. 12. 12. 12. 12.
 11. 11.]
	 RN : [14. 14. 14. 14. 14. 14. 14. 14. 14. 14. 14. 14. 14. 14. 14. 14. 13. 13.
 13. 13.]
	 Queue Understanding : deque([18, 19, 1, 2, 3, 4, 5, 6, 7, 8, 9, 10, 11, 12, 13, 14, 15])
06:41: I am 17 and execute 13 CS.
	 LN : [13. 13. 13. 13. 13. 13. 13. 13. 13. 13. 13. 13. 13. 13. 13. 13. 13. 12.
 12. 12.]
	 RN : [14. 14. 14. 14. 14. 14. 14. 14. 14. 14. 14. 14. 14. 14. 14. 14. 13. 13.
 13. 13.]
	 Queue Understanding : deque([0, 18, 19, 1, 2, 3, 4, 5, 6, 7, 8, 9, 10, 11, 12, 13, 14])
06:46: I'm 17 and finished 13 CS.
	 LN : [13. 13. 13. 13. 13. 13. 13. 13. 13. 13. 13. 13. 13. 13. 13. 13. 13. 12.
 12. 12.]
	 RN : [14. 14. 14. 14. 14. 14. 14. 14. 14. 14. 14. 14. 14. 14. 14. 14. 13. 13.
 13. 13.]
	 Queue Understanding : deque([0, 18, 19, 1, 2, 3, 4, 5, 6, 7, 8, 9, 10, 11, 12, 13, 14])
06:46: I'm 17 and it adds 15 to the queue. Queue after adding: deque([0, 18, 19, 1, 2, 3, 4, 5, 6, 7, 8, 9, 10, 11, 12, 13, 14, 15]).
	 LN : [13. 13. 13. 13. 13. 13. 13. 13. 13. 13. 13. 13. 13. 13. 13. 13. 13. 13.
 12. 12.]
	 RN : [14. 14. 14. 14. 14. 14. 14. 14. 14. 14. 14. 14. 14. 14. 14. 14. 13. 13.
 13. 13.]
	 Queue Understanding : deque([0, 18, 19, 1, 2, 3, 4, 5, 6, 7, 8, 9, 10, 11, 12, 13, 14, 15])
06:46: I'm 17 and sending the token to 0.
	 LN : [13. 13. 13. 13. 13. 13. 13. 13. 13. 13. 13. 13. 13. 13. 13. 13. 13. 13.
 12. 12.]
	 RN : [14. 14. 14. 14. 14. 14. 14. 14. 14. 14. 14. 14. 14. 14. 14. 14. 13. 13.
 13. 13.]
	 Queue Understanding : deque([18, 19, 1, 2, 3, 4, 5, 6, 7, 8, 9, 10, 11, 12, 13, 14, 15])
06:47: I'm 17 and want a token for the 14 time.
	 LN : [13. 13. 13. 13. 13. 13. 13. 13. 13. 13. 13. 13. 13. 13. 13. 13. 13. 13.
 12. 12.]
	 RN : [14. 14. 14. 14. 14. 14. 14. 14. 14. 14. 14. 14. 14. 14. 14. 14. 14. 14.
 13. 13.]
	 Queue Understanding : deque([18, 19, 1, 2, 3, 4, 5, 6, 7, 8, 9, 10, 11, 12, 13, 14, 15])
07:56: I'm 17 and I got a token.
	 LN : [13. 13. 13. 13. 13. 13. 13. 13. 13. 13. 13. 13. 13. 13. 13. 13. 13. 13.
 12. 12.]
	 RN : [15. 15. 15. 15. 15. 15. 15. 15. 15. 15. 15. 15. 15. 15. 15. 15. 14. 14.
 14. 14.]
	 Queue Understanding : deque([18, 19, 1, 2, 3, 4, 5, 6, 7, 8, 9, 10, 11, 12, 13, 14, 15])
07:56: I am 17 and execute 14 CS.
	 LN : [14. 14. 14. 14. 14. 14. 14. 14. 14. 14. 14. 14. 14. 14. 14. 14. 14. 13.
 13. 13.]
	 RN : [15. 15. 15. 15. 15. 15. 15. 15. 15. 15. 15. 15. 15. 15. 15. 15. 14. 14.
 14. 14.]
	 Queue Understanding : deque([0, 18, 19, 1, 2, 3, 4, 5, 6, 7, 8, 9, 10, 11, 12, 13])
07:59: I'm 17 and finished 14 CS.
	 LN : [14. 14. 14. 14. 14. 14. 14. 14. 14. 14. 14. 14. 14. 14. 14. 14. 14. 13.
 13. 13.]
	 RN : [15. 15. 15. 15. 15. 15. 15. 15. 15. 15. 15. 15. 15. 15. 15. 15. 14. 14.
 14. 14.]
	 Queue Understanding : deque([0, 18, 19, 1, 2, 3, 4, 5, 6, 7, 8, 9, 10, 11, 12, 13])
07:59: I'm 17 and it adds 14 to the queue. Queue after adding: deque([0, 18, 19, 1, 2, 3, 4, 5, 6, 7, 8, 9, 10, 11, 12, 13, 14]).
	 LN : [14. 14. 14. 14. 14. 14. 14. 14. 14. 14. 14. 14. 14. 14. 14. 14. 14. 14.
 13. 13.]
	 RN : [15. 15. 15. 15. 15. 15. 15. 15. 15. 15. 15. 15. 15. 15. 15. 15. 14. 14.
 14. 14.]
	 Queue Understanding : deque([0, 18, 19, 1, 2, 3, 4, 5, 6, 7, 8, 9, 10, 11, 12, 13, 14])
07:59: I'm 17 and it adds 15 to the queue. Queue after adding: deque([0, 18, 19, 1, 2, 3, 4, 5, 6, 7, 8, 9, 10, 11, 12, 13, 14, 15]).
	 LN : [14. 14. 14. 14. 14. 14. 14. 14. 14. 14. 14. 14. 14. 14. 14. 14. 14. 14.
 13. 13.]
	 RN : [15. 15. 15. 15. 15. 15. 15. 15. 15. 15. 15. 15. 15. 15. 15. 15. 14. 14.
 14. 14.]
	 Queue Understanding : deque([0, 18, 19, 1, 2, 3, 4, 5, 6, 7, 8, 9, 10, 11, 12, 13, 14, 15])
07:59: I'm 17 and sending the token to 0.
	 LN : [14. 14. 14. 14. 14. 14. 14. 14. 14. 14. 14. 14. 14. 14. 14. 14. 14. 14.
 13. 13.]
	 RN : [15. 15. 15. 15. 15. 15. 15. 15. 15. 15. 15. 15. 15. 15. 15. 15. 14. 14.
 14. 14.]
	 Queue Understanding : deque([18, 19, 1, 2, 3, 4, 5, 6, 7, 8, 9, 10, 11, 12, 13, 14, 15])
08:02: I'm 17 and want a token for the 15 time.
	 LN : [14. 14. 14. 14. 14. 14. 14. 14. 14. 14. 14. 14. 14. 14. 14. 14. 14. 14.
 13. 13.]
	 RN : [15. 15. 15. 15. 15. 15. 15. 15. 15. 15. 15. 15. 15. 15. 15. 15. 15. 15.
 14. 14.]
	 Queue Understanding : deque([18, 19, 1, 2, 3, 4, 5, 6, 7, 8, 9, 10, 11, 12, 13, 14, 15])
09:12: I'm 17 and I got a token.
	 LN : [14. 14. 14. 14. 14. 14. 14. 14. 14. 14. 14. 14. 14. 14. 14. 14. 14. 14.
 13. 13.]
	 RN : [16. 16. 16. 16. 16. 16. 16. 16. 16. 16. 16. 16. 16. 16. 16. 16. 16. 15.
 15. 15.]
	 Queue Understanding : deque([18, 19, 1, 2, 3, 4, 5, 6, 7, 8, 9, 10, 11, 12, 13, 14, 15])
09:12: I am 17 and execute 15 CS.
	 LN : [16. 15. 15. 15. 15. 15. 15. 15. 15. 15. 15. 15. 15. 15. 15. 15. 15. 14.
 14. 14.]
	 RN : [16. 16. 16. 16. 16. 16. 16. 16. 16. 16. 16. 16. 16. 16. 16. 16. 16. 15.
 15. 15.]
	 Queue Understanding : deque([18, 19, 1, 2, 3, 4, 5, 6, 7, 8, 9, 10, 11, 12, 13, 14, 15])
09:17: I'm 17 and finished 15 CS.
	 LN : [16. 15. 15. 15. 15. 15. 15. 15. 15. 15. 15. 15. 15. 15. 15. 15. 15. 14.
 14. 14.]
	 RN : [16. 16. 16. 16. 16. 16. 16. 16. 16. 16. 16. 16. 16. 16. 16. 16. 16. 15.
 15. 15.]
	 Queue Understanding : deque([18, 19, 1, 2, 3, 4, 5, 6, 7, 8, 9, 10, 11, 12, 13, 14, 15])
09:17: I'm 17 and it adds 16 to the queue. Queue after adding: deque([18, 19, 1, 2, 3, 4, 5, 6, 7, 8, 9, 10, 11, 12, 13, 14, 15, 16]).
	 LN : [16. 15. 15. 15. 15. 15. 15. 15. 15. 15. 15. 15. 15. 15. 15. 15. 15. 15.
 14. 14.]
	 RN : [16. 16. 16. 16. 16. 16. 16. 16. 16. 16. 16. 16. 16. 16. 16. 16. 16. 15.
 15. 15.]
	 Queue Understanding : deque([18, 19, 1, 2, 3, 4, 5, 6, 7, 8, 9, 10, 11, 12, 13, 14, 15, 16])
09:17: I'm 17 and sending the token to 18.
	 LN : [16. 15. 15. 15. 15. 15. 15. 15. 15. 15. 15. 15. 15. 15. 15. 15. 15. 15.
 14. 14.]
	 RN : [16. 16. 16. 16. 16. 16. 16. 16. 16. 16. 16. 16. 16. 16. 16. 16. 16. 15.
 15. 15.]
	 Queue Understanding : deque([19, 1, 2, 3, 4, 5, 6, 7, 8, 9, 10, 11, 12, 13, 14, 15, 16])
09:20: I'm 17 and want a token for the 16 time.
	 LN : [16. 15. 15. 15. 15. 15. 15. 15. 15. 15. 15. 15. 15. 15. 15. 15. 15. 15.
 14. 14.]
	 RN : [17. 16. 16. 16. 16. 16. 16. 16. 16. 16. 16. 16. 16. 16. 16. 16. 16. 16.
 15. 15.]
	 Queue Understanding : deque([19, 1, 2, 3, 4, 5, 6, 7, 8, 9, 10, 11, 12, 13, 14, 15, 16])
10:25: I'm 17 and I got a token.
	 LN : [16. 15. 15. 15. 15. 15. 15. 15. 15. 15. 15. 15. 15. 15. 15. 15. 15. 15.
 14. 14.]
	 RN : [17. 17. 17. 17. 17. 17. 17. 17. 17. 17. 17. 17. 17. 17. 17. 17. 17. 16.
 16. 16.]
	 Queue Understanding : deque([19, 1, 2, 3, 4, 5, 6, 7, 8, 9, 10, 11, 12, 13, 14, 15, 16])
10:25: I am 17 and execute 16 CS.
	 LN : [17. 16. 16. 16. 16. 16. 16. 16. 16. 16. 16. 16. 16. 16. 16. 16. 16. 15.
 15. 15.]
	 RN : [17. 17. 17. 17. 17. 17. 17. 17. 17. 17. 17. 17. 17. 17. 17. 17. 17. 16.
 16. 16.]
	 Queue Understanding : deque([18, 19, 1, 2, 3, 4, 5, 6, 7, 8, 9, 10, 11, 12, 13, 14, 15])
10:27: I'm 17 and finished 16 CS.
	 LN : [17. 16. 16. 16. 16. 16. 16. 16. 16. 16. 16. 16. 16. 16. 16. 16. 16. 15.
 15. 15.]
	 RN : [17. 17. 17. 17. 17. 17. 17. 17. 17. 17. 17. 17. 17. 17. 17. 17. 17. 16.
 16. 16.]
	 Queue Understanding : deque([18, 19, 1, 2, 3, 4, 5, 6, 7, 8, 9, 10, 11, 12, 13, 14, 15])
10:27: I'm 17 and it adds 16 to the queue. Queue after adding: deque([18, 19, 1, 2, 3, 4, 5, 6, 7, 8, 9, 10, 11, 12, 13, 14, 15, 16]).
	 LN : [17. 16. 16. 16. 16. 16. 16. 16. 16. 16. 16. 16. 16. 16. 16. 16. 16. 16.
 15. 15.]
	 RN : [17. 17. 17. 17. 17. 17. 17. 17. 17. 17. 17. 17. 17. 17. 17. 17. 17. 16.
 16. 16.]
	 Queue Understanding : deque([18, 19, 1, 2, 3, 4, 5, 6, 7, 8, 9, 10, 11, 12, 13, 14, 15, 16])
10:27: I'm 17 and sending the token to 18.
	 LN : [17. 16. 16. 16. 16. 16. 16. 16. 16. 16. 16. 16. 16. 16. 16. 16. 16. 16.
 15. 15.]
	 RN : [17. 17. 17. 17. 17. 17. 17. 17. 17. 17. 17. 17. 17. 17. 17. 17. 17. 16.
 16. 16.]
	 Queue Understanding : deque([19, 1, 2, 3, 4, 5, 6, 7, 8, 9, 10, 11, 12, 13, 14, 15, 16])
10:29: I'm 17 and want a token for the 17 time.
	 LN : [17. 16. 16. 16. 16. 16. 16. 16. 16. 16. 16. 16. 16. 16. 16. 16. 16. 16.
 15. 15.]
	 RN : [18. 17. 17. 17. 17. 17. 17. 17. 17. 17. 17. 17. 17. 17. 17. 17. 17. 17.
 16. 16.]
	 Queue Understanding : deque([19, 1, 2, 3, 4, 5, 6, 7, 8, 9, 10, 11, 12, 13, 14, 15, 16])
11:39: I'm 17 and I got a token.
	 LN : [17. 16. 16. 16. 16. 16. 16. 16. 16. 16. 16. 16. 16. 16. 16. 16. 16. 16.
 15. 15.]
	 RN : [18. 18. 18. 18. 18. 18. 18. 18. 18. 18. 18. 18. 18. 18. 18. 18. 18. 17.
 17. 17.]
	 Queue Understanding : deque([19, 1, 2, 3, 4, 5, 6, 7, 8, 9, 10, 11, 12, 13, 14, 15, 16])
11:39: I am 17 and execute 17 CS.
	 LN : [18. 17. 17. 17. 17. 17. 17. 17. 17. 17. 17. 17. 17. 17. 17. 17. 17. 16.
 16. 16.]
	 RN : [18. 18. 18. 18. 18. 18. 18. 18. 18. 18. 18. 18. 18. 18. 18. 18. 18. 17.
 17. 17.]
	 Queue Understanding : deque([18, 19, 1, 2, 3, 4, 5, 6, 7, 8, 9, 10, 11, 12, 13, 14, 15])
11:43: I'm 17 and finished 17 CS.
	 LN : [18. 17. 17. 17. 17. 17. 17. 17. 17. 17. 17. 17. 17. 17. 17. 17. 17. 16.
 16. 16.]
	 RN : [18. 18. 18. 18. 18. 18. 18. 18. 18. 18. 18. 18. 18. 18. 18. 18. 18. 17.
 17. 17.]
	 Queue Understanding : deque([18, 19, 1, 2, 3, 4, 5, 6, 7, 8, 9, 10, 11, 12, 13, 14, 15])
11:43: I'm 17 and it adds 16 to the queue. Queue after adding: deque([18, 19, 1, 2, 3, 4, 5, 6, 7, 8, 9, 10, 11, 12, 13, 14, 15, 16]).
	 LN : [18. 17. 17. 17. 17. 17. 17. 17. 17. 17. 17. 17. 17. 17. 17. 17. 17. 17.
 16. 16.]
	 RN : [18. 18. 18. 18. 18. 18. 18. 18. 18. 18. 18. 18. 18. 18. 18. 18. 18. 17.
 17. 17.]
	 Queue Understanding : deque([18, 19, 1, 2, 3, 4, 5, 6, 7, 8, 9, 10, 11, 12, 13, 14, 15, 16])
11:43: I'm 17 and sending the token to 18.
	 LN : [18. 17. 17. 17. 17. 17. 17. 17. 17. 17. 17. 17. 17. 17. 17. 17. 17. 17.
 16. 16.]
	 RN : [18. 18. 18. 18. 18. 18. 18. 18. 18. 18. 18. 18. 18. 18. 18. 18. 18. 17.
 17. 17.]
	 Queue Understanding : deque([19, 1, 2, 3, 4, 5, 6, 7, 8, 9, 10, 11, 12, 13, 14, 15, 16])
11:46: I'm 17 and want a token for the 18 time.
	 LN : [18. 17. 17. 17. 17. 17. 17. 17. 17. 17. 17. 17. 17. 17. 17. 17. 17. 17.
 16. 16.]
	 RN : [19. 18. 18. 18. 18. 18. 18. 18. 18. 18. 18. 18. 18. 18. 18. 18. 18. 18.
 17. 17.]
	 Queue Understanding : deque([19, 1, 2, 3, 4, 5, 6, 7, 8, 9, 10, 11, 12, 13, 14, 15, 16])
12:45: I'm 17 and I got a token.
	 LN : [18. 17. 17. 17. 17. 17. 17. 17. 17. 17. 17. 17. 17. 17. 17. 17. 17. 17.
 16. 16.]
	 RN : [19. 19. 19. 19. 19. 19. 19. 19. 19. 19. 19. 19. 19. 19. 19. 19. 19. 18.
 18. 18.]
	 Queue Understanding : deque([19, 1, 2, 3, 4, 5, 6, 7, 8, 9, 10, 11, 12, 13, 14, 15, 16])
12:45: I am 17 and execute 18 CS.
	 LN : [19. 18. 18. 18. 18. 18. 18. 18. 18. 18. 18. 18. 18. 18. 18. 18. 18. 17.
 17. 17.]
	 RN : [19. 19. 19. 19. 19. 19. 19. 19. 19. 19. 19. 19. 19. 19. 19. 19. 19. 18.
 18. 18.]
	 Queue Understanding : deque([18, 19, 1, 2, 3, 4, 5, 6, 7, 8, 9, 10, 11, 12, 13, 14, 15])
12:48: I'm 17 and finished 18 CS.
	 LN : [19. 18. 18. 18. 18. 18. 18. 18. 18. 18. 18. 18. 18. 18. 18. 18. 18. 17.
 17. 17.]
	 RN : [19. 19. 19. 19. 19. 19. 19. 19. 19. 19. 19. 19. 19. 19. 19. 19. 19. 18.
 18. 18.]
	 Queue Understanding : deque([18, 19, 1, 2, 3, 4, 5, 6, 7, 8, 9, 10, 11, 12, 13, 14, 15])
12:48: I'm 17 and it adds 16 to the queue. Queue after adding: deque([18, 19, 1, 2, 3, 4, 5, 6, 7, 8, 9, 10, 11, 12, 13, 14, 15, 16]).
	 LN : [19. 18. 18. 18. 18. 18. 18. 18. 18. 18. 18. 18. 18. 18. 18. 18. 18. 18.
 17. 17.]
	 RN : [19. 19. 19. 19. 19. 19. 19. 19. 19. 19. 19. 19. 19. 19. 19. 19. 19. 18.
 18. 18.]
	 Queue Understanding : deque([18, 19, 1, 2, 3, 4, 5, 6, 7, 8, 9, 10, 11, 12, 13, 14, 15, 16])
12:48: I'm 17 and sending the token to 18.
	 LN : [19. 18. 18. 18. 18. 18. 18. 18. 18. 18. 18. 18. 18. 18. 18. 18. 18. 18.
 17. 17.]
	 RN : [19. 19. 19. 19. 19. 19. 19. 19. 19. 19. 19. 19. 19. 19. 19. 19. 19. 18.
 18. 18.]
	 Queue Understanding : deque([19, 1, 2, 3, 4, 5, 6, 7, 8, 9, 10, 11, 12, 13, 14, 15, 16])
12:50: I'm 17 and want a token for the 19 time.
	 LN : [19. 18. 18. 18. 18. 18. 18. 18. 18. 18. 18. 18. 18. 18. 18. 18. 18. 18.
 17. 17.]
	 RN : [20. 19. 19. 19. 19. 19. 19. 19. 19. 19. 19. 19. 19. 19. 19. 19. 19. 19.
 18. 18.]
	 Queue Understanding : deque([19, 1, 2, 3, 4, 5, 6, 7, 8, 9, 10, 11, 12, 13, 14, 15, 16])
13:52: I'm 17 and I got a token.
	 LN : [19. 18. 18. 18. 18. 18. 18. 18. 18. 18. 18. 18. 18. 18. 18. 18. 18. 18.
 17. 17.]
	 RN : [20. 20. 20. 20. 20. 20. 20. 20. 20. 20. 20. 20. 20. 20. 20. 20. 20. 19.
 19. 19.]
	 Queue Understanding : deque([19, 1, 2, 3, 4, 5, 6, 7, 8, 9, 10, 11, 12, 13, 14, 15, 16])
13:52: I am 17 and execute 19 CS.
	 LN : [20. 19. 19. 19. 19. 19. 19. 19. 19. 19. 19. 19. 19. 19. 19. 19. 19. 18.
 18. 18.]
	 RN : [20. 20. 20. 20. 20. 20. 20. 20. 20. 20. 20. 20. 20. 20. 20. 20. 20. 19.
 19. 19.]
	 Queue Understanding : deque([18, 19, 1, 2, 3, 4, 5, 6, 7, 8, 9, 10, 11, 12, 13, 14])
13:56: I'm 17 and finished 19 CS.
	 LN : [20. 19. 19. 19. 19. 19. 19. 19. 19. 19. 19. 19. 19. 19. 19. 19. 19. 18.
 18. 18.]
	 RN : [20. 20. 20. 20. 20. 20. 20. 20. 20. 20. 20. 20. 20. 20. 20. 20. 20. 19.
 19. 19.]
	 Queue Understanding : deque([18, 19, 1, 2, 3, 4, 5, 6, 7, 8, 9, 10, 11, 12, 13, 14])
13:56: I'm 17 and it adds 15 to the queue. Queue after adding: deque([18, 19, 1, 2, 3, 4, 5, 6, 7, 8, 9, 10, 11, 12, 13, 14, 15]).
	 LN : [20. 19. 19. 19. 19. 19. 19. 19. 19. 19. 19. 19. 19. 19. 19. 19. 19. 19.
 18. 18.]
	 RN : [20. 20. 20. 20. 20. 20. 20. 20. 20. 20. 20. 20. 20. 20. 20. 20. 20. 19.
 19. 19.]
	 Queue Understanding : deque([18, 19, 1, 2, 3, 4, 5, 6, 7, 8, 9, 10, 11, 12, 13, 14, 15])
13:56: I'm 17 and it adds 16 to the queue. Queue after adding: deque([18, 19, 1, 2, 3, 4, 5, 6, 7, 8, 9, 10, 11, 12, 13, 14, 15, 16]).
	 LN : [20. 19. 19. 19. 19. 19. 19. 19. 19. 19. 19. 19. 19. 19. 19. 19. 19. 19.
 18. 18.]
	 RN : [20. 20. 20. 20. 20. 20. 20. 20. 20. 20. 20. 20. 20. 20. 20. 20. 20. 19.
 19. 19.]
	 Queue Understanding : deque([18, 19, 1, 2, 3, 4, 5, 6, 7, 8, 9, 10, 11, 12, 13, 14, 15, 16])
13:56: I'm 17 and sending the token to 18.
	 LN : [20. 19. 19. 19. 19. 19. 19. 19. 19. 19. 19. 19. 19. 19. 19. 19. 19. 19.
 18. 18.]
	 RN : [20. 20. 20. 20. 20. 20. 20. 20. 20. 20. 20. 20. 20. 20. 20. 20. 20. 19.
 19. 19.]
	 Queue Understanding : deque([19, 1, 2, 3, 4, 5, 6, 7, 8, 9, 10, 11, 12, 13, 14, 15, 16])
13:57: I'm 17 and want a token for the 20 time.
	 LN : [20. 19. 19. 19. 19. 19. 19. 19. 19. 19. 19. 19. 19. 19. 19. 19. 19. 19.
 18. 18.]
	 RN : [21. 20. 20. 20. 20. 20. 20. 20. 20. 20. 20. 20. 20. 20. 20. 20. 20. 20.
 19. 19.]
	 Queue Understanding : deque([19, 1, 2, 3, 4, 5, 6, 7, 8, 9, 10, 11, 12, 13, 14, 15, 16])
14:58: I'm 17 and I got a token.
	 LN : [20. 19. 19. 19. 19. 19. 19. 19. 19. 19. 19. 19. 19. 19. 19. 19. 19. 19.
 18. 18.]
	 RN : [21. 21. 21. 21. 21. 21. 21. 21. 21. 21. 21. 21. 21. 21. 21. 21. 21. 20.
 20. 20.]
	 Queue Understanding : deque([19, 1, 2, 3, 4, 5, 6, 7, 8, 9, 10, 11, 12, 13, 14, 15, 16])
14:58: I am 17 and execute 20 CS.
	 LN : [21. 20. 20. 20. 20. 20. 20. 20. 20. 20. 20. 20. 20. 20. 20. 20. 20. 19.
 19. 19.]
	 RN : [21. 21. 21. 21. 21. 21. 21. 21. 21. 21. 21. 21. 21. 21. 21. 21. 21. 20.
 20. 20.]
	 Queue Understanding : deque([18, 19, 1, 2, 3, 4, 5, 6, 7, 8, 9, 10, 11, 12, 13, 14, 15])
15:00: I'm 17 and finished 20 CS.
	 LN : [21. 20. 20. 20. 20. 20. 20. 20. 20. 20. 20. 20. 20. 20. 20. 20. 20. 19.
 19. 19.]
	 RN : [21. 21. 21. 21. 21. 21. 21. 21. 21. 21. 21. 21. 21. 21. 21. 21. 21. 20.
 20. 20.]
	 Queue Understanding : deque([18, 19, 1, 2, 3, 4, 5, 6, 7, 8, 9, 10, 11, 12, 13, 14, 15])
15:00: I'm 17 and it adds 16 to the queue. Queue after adding: deque([18, 19, 1, 2, 3, 4, 5, 6, 7, 8, 9, 10, 11, 12, 13, 14, 15, 16]).
	 LN : [21. 20. 20. 20. 20. 20. 20. 20. 20. 20. 20. 20. 20. 20. 20. 20. 20. 20.
 19. 19.]
	 RN : [21. 21. 21. 21. 21. 21. 21. 21. 21. 21. 21. 21. 21. 21. 21. 21. 21. 20.
 20. 20.]
	 Queue Understanding : deque([18, 19, 1, 2, 3, 4, 5, 6, 7, 8, 9, 10, 11, 12, 13, 14, 15, 16])
15:00: I'm 17 and sending the token to 18.
	 LN : [21. 20. 20. 20. 20. 20. 20. 20. 20. 20. 20. 20. 20. 20. 20. 20. 20. 20.
 19. 19.]
	 RN : [21. 21. 21. 21. 21. 21. 21. 21. 21. 21. 21. 21. 21. 21. 21. 21. 21. 20.
 20. 20.]
	 Queue Understanding : deque([19, 1, 2, 3, 4, 5, 6, 7, 8, 9, 10, 11, 12, 13, 14, 15, 16])
15:02: I'm 17 and want a token for the 21 time.
	 LN : [21. 20. 20. 20. 20. 20. 20. 20. 20. 20. 20. 20. 20. 20. 20. 20. 20. 20.
 19. 19.]
	 RN : [22. 21. 21. 21. 21. 21. 21. 21. 21. 21. 21. 21. 21. 21. 21. 21. 21. 21.
 20. 20.]
	 Queue Understanding : deque([19, 1, 2, 3, 4, 5, 6, 7, 8, 9, 10, 11, 12, 13, 14, 15, 16])
16:08: I'm 17 and I got a token.
	 LN : [21. 20. 20. 20. 20. 20. 20. 20. 20. 20. 20. 20. 20. 20. 20. 20. 20. 20.
 19. 19.]
	 RN : [22. 22. 22. 22. 22. 22. 22. 22. 22. 22. 22. 22. 22. 22. 22. 22. 22. 21.
 21. 21.]
	 Queue Understanding : deque([19, 1, 2, 3, 4, 5, 6, 7, 8, 9, 10, 11, 12, 13, 14, 15, 16])
16:08: I am 17 and execute 21 CS.
	 LN : [22. 21. 21. 21. 21. 21. 21. 21. 21. 21. 21. 21. 21. 21. 21. 21. 21. 20.
 20. 20.]
	 RN : [22. 22. 22. 22. 22. 22. 22. 22. 22. 22. 22. 22. 22. 22. 22. 22. 22. 21.
 21. 21.]
	 Queue Understanding : deque([18, 19, 1, 2, 3, 4, 5, 6, 7, 8, 9, 10, 11, 12, 13, 14, 15])
16:11: I'm 17 and finished 21 CS.
	 LN : [22. 21. 21. 21. 21. 21. 21. 21. 21. 21. 21. 21. 21. 21. 21. 21. 21. 20.
 20. 20.]
	 RN : [22. 22. 22. 22. 22. 22. 22. 22. 22. 22. 22. 22. 22. 22. 22. 22. 22. 21.
 21. 21.]
	 Queue Understanding : deque([18, 19, 1, 2, 3, 4, 5, 6, 7, 8, 9, 10, 11, 12, 13, 14, 15])
16:11: I'm 17 and it adds 16 to the queue. Queue after adding: deque([18, 19, 1, 2, 3, 4, 5, 6, 7, 8, 9, 10, 11, 12, 13, 14, 15, 16]).
	 LN : [22. 21. 21. 21. 21. 21. 21. 21. 21. 21. 21. 21. 21. 21. 21. 21. 21. 21.
 20. 20.]
	 RN : [22. 22. 22. 22. 22. 22. 22. 22. 22. 22. 22. 22. 22. 22. 22. 22. 22. 21.
 21. 21.]
	 Queue Understanding : deque([18, 19, 1, 2, 3, 4, 5, 6, 7, 8, 9, 10, 11, 12, 13, 14, 15, 16])
16:11: I'm 17 and sending the token to 18.
	 LN : [22. 21. 21. 21. 21. 21. 21. 21. 21. 21. 21. 21. 21. 21. 21. 21. 21. 21.
 20. 20.]
	 RN : [22. 22. 22. 22. 22. 22. 22. 22. 22. 22. 22. 22. 22. 22. 22. 22. 22. 21.
 21. 21.]
	 Queue Understanding : deque([19, 1, 2, 3, 4, 5, 6, 7, 8, 9, 10, 11, 12, 13, 14, 15, 16])
16:13: I'm 17 and want a token for the 22 time.
	 LN : [22. 21. 21. 21. 21. 21. 21. 21. 21. 21. 21. 21. 21. 21. 21. 21. 21. 21.
 20. 20.]
	 RN : [23. 22. 22. 22. 22. 22. 22. 22. 22. 22. 22. 22. 22. 22. 22. 22. 22. 22.
 21. 21.]
	 Queue Understanding : deque([19, 1, 2, 3, 4, 5, 6, 7, 8, 9, 10, 11, 12, 13, 14, 15, 16])
17:12: I'm 17 and I got a token.
	 LN : [22. 21. 21. 21. 21. 21. 21. 21. 21. 21. 21. 21. 21. 21. 21. 21. 21. 21.
 20. 20.]
	 RN : [23. 23. 23. 23. 23. 23. 23. 23. 23. 23. 23. 23. 23. 23. 23. 23. 23. 22.
 22. 22.]
	 Queue Understanding : deque([19, 1, 2, 3, 4, 5, 6, 7, 8, 9, 10, 11, 12, 13, 14, 15, 16])
17:12: I am 17 and execute 22 CS.
	 LN : [23. 22. 22. 22. 22. 22. 22. 22. 22. 22. 22. 22. 22. 22. 22. 22. 22. 21.
 21. 21.]
	 RN : [23. 23. 23. 23. 23. 23. 23. 23. 23. 23. 23. 23. 23. 23. 23. 23. 23. 22.
 22. 22.]
	 Queue Understanding : deque([18, 19, 1, 2, 3, 4, 5, 6, 7, 8, 9, 10, 11, 12, 13, 14, 15])
17:16: I'm 17 and finished 22 CS.
	 LN : [23. 22. 22. 22. 22. 22. 22. 22. 22. 22. 22. 22. 22. 22. 22. 22. 22. 21.
 21. 21.]
	 RN : [23. 23. 23. 23. 23. 23. 23. 23. 23. 23. 23. 23. 23. 23. 23. 23. 23. 22.
 22. 22.]
	 Queue Understanding : deque([18, 19, 1, 2, 3, 4, 5, 6, 7, 8, 9, 10, 11, 12, 13, 14, 15])
17:16: I'm 17 and it adds 16 to the queue. Queue after adding: deque([18, 19, 1, 2, 3, 4, 5, 6, 7, 8, 9, 10, 11, 12, 13, 14, 15, 16]).
	 LN : [23. 22. 22. 22. 22. 22. 22. 22. 22. 22. 22. 22. 22. 22. 22. 22. 22. 22.
 21. 21.]
	 RN : [23. 23. 23. 23. 23. 23. 23. 23. 23. 23. 23. 23. 23. 23. 23. 23. 23. 22.
 22. 22.]
	 Queue Understanding : deque([18, 19, 1, 2, 3, 4, 5, 6, 7, 8, 9, 10, 11, 12, 13, 14, 15, 16])
17:16: I'm 17 and sending the token to 18.
	 LN : [23. 22. 22. 22. 22. 22. 22. 22. 22. 22. 22. 22. 22. 22. 22. 22. 22. 22.
 21. 21.]
	 RN : [23. 23. 23. 23. 23. 23. 23. 23. 23. 23. 23. 23. 23. 23. 23. 23. 23. 22.
 22. 22.]
	 Queue Understanding : deque([19, 1, 2, 3, 4, 5, 6, 7, 8, 9, 10, 11, 12, 13, 14, 15, 16])
17:17: I'm 17 and want a token for the 23 time.
	 LN : [23. 22. 22. 22. 22. 22. 22. 22. 22. 22. 22. 22. 22. 22. 22. 22. 22. 22.
 21. 21.]
	 RN : [24. 23. 23. 23. 23. 23. 23. 23. 23. 23. 23. 23. 23. 23. 23. 23. 23. 23.
 22. 22.]
	 Queue Understanding : deque([19, 1, 2, 3, 4, 5, 6, 7, 8, 9, 10, 11, 12, 13, 14, 15, 16])
18:21: I'm 17 and I got a token.
	 LN : [23. 22. 22. 22. 22. 22. 22. 22. 22. 22. 22. 22. 22. 22. 22. 22. 22. 22.
 21. 21.]
	 RN : [24. 24. 24. 24. 24. 24. 24. 24. 24. 24. 24. 24. 24. 24. 24. 24. 24. 23.
 23. 23.]
	 Queue Understanding : deque([19, 1, 2, 3, 4, 5, 6, 7, 8, 9, 10, 11, 12, 13, 14, 15, 16])
18:21: I am 17 and execute 23 CS.
	 LN : [24. 23. 23. 23. 23. 23. 23. 23. 23. 23. 23. 23. 23. 23. 23. 23. 23. 22.
 22. 22.]
	 RN : [24. 24. 24. 24. 24. 24. 24. 24. 24. 24. 24. 24. 24. 24. 24. 24. 24. 23.
 23. 23.]
	 Queue Understanding : deque([18, 19, 1, 2, 3, 4, 5, 6, 7, 8, 9, 10, 11, 12, 13, 14, 15])
18:25: I'm 17 and finished 23 CS.
	 LN : [24. 23. 23. 23. 23. 23. 23. 23. 23. 23. 23. 23. 23. 23. 23. 23. 23. 22.
 22. 22.]
	 RN : [24. 24. 24. 24. 24. 24. 24. 24. 24. 24. 24. 24. 24. 24. 24. 24. 24. 23.
 23. 23.]
	 Queue Understanding : deque([18, 19, 1, 2, 3, 4, 5, 6, 7, 8, 9, 10, 11, 12, 13, 14, 15])
18:25: I'm 17 and it adds 16 to the queue. Queue after adding: deque([18, 19, 1, 2, 3, 4, 5, 6, 7, 8, 9, 10, 11, 12, 13, 14, 15, 16]).
	 LN : [24. 23. 23. 23. 23. 23. 23. 23. 23. 23. 23. 23. 23. 23. 23. 23. 23. 23.
 22. 22.]
	 RN : [24. 24. 24. 24. 24. 24. 24. 24. 24. 24. 24. 24. 24. 24. 24. 24. 24. 23.
 23. 23.]
	 Queue Understanding : deque([18, 19, 1, 2, 3, 4, 5, 6, 7, 8, 9, 10, 11, 12, 13, 14, 15, 16])
18:25: I'm 17 and sending the token to 18.
	 LN : [24. 23. 23. 23. 23. 23. 23. 23. 23. 23. 23. 23. 23. 23. 23. 23. 23. 23.
 22. 22.]
	 RN : [24. 24. 24. 24. 24. 24. 24. 24. 24. 24. 24. 24. 24. 24. 24. 24. 24. 23.
 23. 23.]
	 Queue Understanding : deque([19, 1, 2, 3, 4, 5, 6, 7, 8, 9, 10, 11, 12, 13, 14, 15, 16])
18:27: I'm 17 and want a token for the 24 time.
	 LN : [24. 23. 23. 23. 23. 23. 23. 23. 23. 23. 23. 23. 23. 23. 23. 23. 23. 23.
 22. 22.]
	 RN : [25. 24. 24. 24. 24. 24. 24. 24. 24. 24. 24. 24. 24. 24. 24. 24. 24. 24.
 23. 23.]
	 Queue Understanding : deque([19, 1, 2, 3, 4, 5, 6, 7, 8, 9, 10, 11, 12, 13, 14, 15, 16])
19:34: I'm 17 and I got a token.
	 LN : [24. 23. 23. 23. 23. 23. 23. 23. 23. 23. 23. 23. 23. 23. 23. 23. 23. 23.
 22. 22.]
	 RN : [25. 25. 25. 25. 25. 25. 25. 25. 25. 25. 25. 25. 25. 25. 25. 25. 25. 24.
 24. 24.]
	 Queue Understanding : deque([19, 1, 2, 3, 4, 5, 6, 7, 8, 9, 10, 11, 12, 13, 14, 15, 16])
19:34: I am 17 and execute 24 CS.
	 LN : [25. 24. 24. 24. 24. 24. 24. 24. 24. 24. 24. 24. 24. 24. 24. 24. 24. 23.
 23. 23.]
	 RN : [25. 25. 25. 25. 25. 25. 25. 25. 25. 25. 25. 25. 25. 25. 25. 25. 25. 24.
 24. 24.]
	 Queue Understanding : deque([18, 1, 19, 2, 3, 4, 5, 6, 7, 8, 9, 10, 11, 12, 13, 14, 15])
19:37: I'm 17 and finished 24 CS.
	 LN : [25. 24. 24. 24. 24. 24. 24. 24. 24. 24. 24. 24. 24. 24. 24. 24. 24. 23.
 23. 23.]
	 RN : [25. 25. 25. 25. 25. 25. 25. 25. 25. 25. 25. 25. 25. 25. 25. 25. 25. 24.
 24. 24.]
	 Queue Understanding : deque([18, 1, 19, 2, 3, 4, 5, 6, 7, 8, 9, 10, 11, 12, 13, 14, 15])
19:37: I'm 17 and it adds 16 to the queue. Queue after adding: deque([18, 1, 19, 2, 3, 4, 5, 6, 7, 8, 9, 10, 11, 12, 13, 14, 15, 16]).
	 LN : [25. 24. 24. 24. 24. 24. 24. 24. 24. 24. 24. 24. 24. 24. 24. 24. 24. 24.
 23. 23.]
	 RN : [25. 25. 25. 25. 25. 25. 25. 25. 25. 25. 25. 25. 25. 25. 25. 25. 25. 24.
 24. 24.]
	 Queue Understanding : deque([18, 1, 19, 2, 3, 4, 5, 6, 7, 8, 9, 10, 11, 12, 13, 14, 15, 16])
19:37: I'm 17 and sending the token to 18.
	 LN : [25. 24. 24. 24. 24. 24. 24. 24. 24. 24. 24. 24. 24. 24. 24. 24. 24. 24.
 23. 23.]
	 RN : [25. 25. 25. 25. 25. 25. 25. 25. 25. 25. 25. 25. 25. 25. 25. 25. 25. 24.
 24. 24.]
	 Queue Understanding : deque([1, 19, 2, 3, 4, 5, 6, 7, 8, 9, 10, 11, 12, 13, 14, 15, 16])
19:40: I'm 17 and want a token for the 25 time.
	 LN : [25. 24. 24. 24. 24. 24. 24. 24. 24. 24. 24. 24. 24. 24. 24. 24. 24. 24.
 23. 23.]
	 RN : [26. 25. 25. 25. 25. 25. 25. 25. 25. 25. 25. 25. 25. 25. 25. 25. 25. 25.
 24. 24.]
	 Queue Understanding : deque([1, 19, 2, 3, 4, 5, 6, 7, 8, 9, 10, 11, 12, 13, 14, 15, 16])
20:43: I'm 17 and I got a token.
	 LN : [25. 24. 24. 24. 24. 24. 24. 24. 24. 24. 24. 24. 24. 24. 24. 24. 24. 24.
 23. 23.]
	 RN : [26. 26. 26. 26. 26. 26. 26. 26. 26. 26. 26. 26. 26. 26. 26. 26. 25. 25.
 25. 25.]
	 Queue Understanding : deque([1, 19, 2, 3, 4, 5, 6, 7, 8, 9, 10, 11, 12, 13, 14, 15, 16])
20:43: I am 17 and execute 25 CS.
	 LN : [26. 25. 25. 25. 25. 25. 25. 25. 25. 25. 25. 25. 25. 25. 25. 25. 25. 24.
 24. 24.]
	 RN : [26. 26. 26. 26. 26. 26. 26. 26. 26. 26. 26. 26. 26. 26. 26. 26. 25. 25.
 25. 25.]
	 Queue Understanding : deque([1, 18, 19, 2, 3, 4, 5, 6, 7, 8, 9, 10, 11, 12, 13, 14, 15])
20:46: I'm 17 and finished 25 CS.
	 LN : [26. 25. 25. 25. 25. 25. 25. 25. 25. 25. 25. 25. 25. 25. 25. 25. 25. 24.
 24. 24.]
	 RN : [26. 26. 26. 26. 26. 26. 26. 26. 26. 26. 26. 26. 26. 26. 26. 26. 25. 25.
 25. 25.]
	 Queue Understanding : deque([1, 18, 19, 2, 3, 4, 5, 6, 7, 8, 9, 10, 11, 12, 13, 14, 15])
20:46: I'm 17 and sending the token to 1.
	 LN : [26. 25. 25. 25. 25. 25. 25. 25. 25. 25. 25. 25. 25. 25. 25. 25. 25. 25.
 24. 24.]
	 RN : [26. 26. 26. 26. 26. 26. 26. 26. 26. 26. 26. 26. 26. 26. 26. 26. 25. 25.
 25. 25.]
	 Queue Understanding : deque([18, 19, 2, 3, 4, 5, 6, 7, 8, 9, 10, 11, 12, 13, 14, 15])
20:49: I'm 17 and want a token for the 26 time.
	 LN : [26. 25. 25. 25. 25. 25. 25. 25. 25. 25. 25. 25. 25. 25. 25. 25. 25. 25.
 24. 24.]
	 RN : [27. 26. 26. 26. 26. 26. 26. 26. 26. 26. 26. 26. 26. 26. 26. 26. 26. 26.
 25. 25.]
	 Queue Understanding : deque([18, 19, 2, 3, 4, 5, 6, 7, 8, 9, 10, 11, 12, 13, 14, 15])
21:52: I'm 17 and I got a token.
	 LN : [26. 25. 25. 25. 25. 25. 25. 25. 25. 25. 25. 25. 25. 25. 25. 25. 25. 25.
 24. 24.]
	 RN : [28. 27. 27. 27. 27. 27. 27. 27. 27. 27. 27. 27. 27. 27. 27. 27. 27. 26.
 26. 26.]
	 Queue Understanding : deque([18, 19, 2, 3, 4, 5, 6, 7, 8, 9, 10, 11, 12, 13, 14, 15])
21:52: I am 17 and execute 26 CS.
	 LN : [27. 27. 26. 26. 26. 26. 26. 26. 26. 26. 26. 26. 26. 26. 26. 26. 26. 25.
 25. 25.]
	 RN : [28. 27. 27. 27. 27. 27. 27. 27. 27. 27. 27. 27. 27. 27. 27. 27. 27. 26.
 26. 26.]
	 Queue Understanding : deque([18, 19, 2, 3, 4, 5, 6, 7, 8, 9, 10, 11, 12, 13, 14, 15])
21:57: I'm 17 and finished 26 CS.
	 LN : [27. 27. 26. 26. 26. 26. 26. 26. 26. 26. 26. 26. 26. 26. 26. 26. 26. 25.
 25. 25.]
	 RN : [28. 27. 27. 27. 27. 27. 27. 27. 27. 27. 27. 27. 27. 27. 27. 27. 27. 26.
 26. 26.]
	 Queue Understanding : deque([18, 19, 2, 3, 4, 5, 6, 7, 8, 9, 10, 11, 12, 13, 14, 15])
21:57: I'm 17 and it adds 0 to the queue. Queue after adding: deque([18, 19, 2, 3, 4, 5, 6, 7, 8, 9, 10, 11, 12, 13, 14, 15, 0]).
	 LN : [27. 27. 26. 26. 26. 26. 26. 26. 26. 26. 26. 26. 26. 26. 26. 26. 26. 26.
 25. 25.]
	 RN : [28. 27. 27. 27. 27. 27. 27. 27. 27. 27. 27. 27. 27. 27. 27. 27. 27. 26.
 26. 26.]
	 Queue Understanding : deque([18, 19, 2, 3, 4, 5, 6, 7, 8, 9, 10, 11, 12, 13, 14, 15, 0])
21:57: I'm 17 and it adds 16 to the queue. Queue after adding: deque([18, 19, 2, 3, 4, 5, 6, 7, 8, 9, 10, 11, 12, 13, 14, 15, 0, 16]).
	 LN : [27. 27. 26. 26. 26. 26. 26. 26. 26. 26. 26. 26. 26. 26. 26. 26. 26. 26.
 25. 25.]
	 RN : [28. 27. 27. 27. 27. 27. 27. 27. 27. 27. 27. 27. 27. 27. 27. 27. 27. 26.
 26. 26.]
	 Queue Understanding : deque([18, 19, 2, 3, 4, 5, 6, 7, 8, 9, 10, 11, 12, 13, 14, 15, 0, 16])
21:57: I'm 17 and sending the token to 18.
	 LN : [27. 27. 26. 26. 26. 26. 26. 26. 26. 26. 26. 26. 26. 26. 26. 26. 26. 26.
 25. 25.]
	 RN : [28. 27. 27. 27. 27. 27. 27. 27. 27. 27. 27. 27. 27. 27. 27. 27. 27. 26.
 26. 26.]
	 Queue Understanding : deque([19, 2, 3, 4, 5, 6, 7, 8, 9, 10, 11, 12, 13, 14, 15, 0, 16])
21:58: I'm 17 and want a token for the 27 time.
	 LN : [27. 27. 26. 26. 26. 26. 26. 26. 26. 26. 26. 26. 26. 26. 26. 26. 26. 26.
 25. 25.]
	 RN : [28. 28. 27. 27. 27. 27. 27. 27. 27. 27. 27. 27. 27. 27. 27. 27. 27. 27.
 26. 26.]
	 Queue Understanding : deque([19, 2, 3, 4, 5, 6, 7, 8, 9, 10, 11, 12, 13, 14, 15, 0, 16])
23:05: I'm 17 and I got a token.
	 LN : [27. 27. 26. 26. 26. 26. 26. 26. 26. 26. 26. 26. 26. 26. 26. 26. 26. 26.
 25. 25.]
	 RN : [29. 28. 28. 28. 28. 28. 28. 28. 28. 28. 28. 28. 28. 28. 28. 28. 28. 27.
 27. 27.]
	 Queue Understanding : deque([19, 2, 3, 4, 5, 6, 7, 8, 9, 10, 11, 12, 13, 14, 15, 0, 16])
23:05: I am 17 and execute 27 CS.
	 LN : [28. 28. 27. 27. 27. 27. 27. 27. 27. 27. 27. 27. 27. 27. 27. 27. 27. 26.
 26. 26.]
	 RN : [29. 28. 28. 28. 28. 28. 28. 28. 28. 28. 28. 28. 28. 28. 28. 28. 28. 27.
 27. 27.]
	 Queue Understanding : deque([18, 19, 2, 3, 4, 5, 6, 7, 8, 9, 10, 11, 12, 13, 14, 15, 0])
23:10: I'm 17 and finished 27 CS.
	 LN : [28. 28. 27. 27. 27. 27. 27. 27. 27. 27. 27. 27. 27. 27. 27. 27. 27. 26.
 26. 26.]
	 RN : [29. 28. 28. 28. 28. 28. 28. 28. 28. 28. 28. 28. 28. 28. 28. 28. 28. 27.
 27. 27.]
	 Queue Understanding : deque([18, 19, 2, 3, 4, 5, 6, 7, 8, 9, 10, 11, 12, 13, 14, 15, 0])
23:10: I'm 17 and it adds 16 to the queue. Queue after adding: deque([18, 19, 2, 3, 4, 5, 6, 7, 8, 9, 10, 11, 12, 13, 14, 15, 0, 16]).
	 LN : [28. 28. 27. 27. 27. 27. 27. 27. 27. 27. 27. 27. 27. 27. 27. 27. 27. 27.
 26. 26.]
	 RN : [29. 28. 28. 28. 28. 28. 28. 28. 28. 28. 28. 28. 28. 28. 28. 28. 28. 27.
 27. 27.]
	 Queue Understanding : deque([18, 19, 2, 3, 4, 5, 6, 7, 8, 9, 10, 11, 12, 13, 14, 15, 0, 16])
23:10: I'm 17 and sending the token to 18.
	 LN : [28. 28. 27. 27. 27. 27. 27. 27. 27. 27. 27. 27. 27. 27. 27. 27. 27. 27.
 26. 26.]
	 RN : [29. 28. 28. 28. 28. 28. 28. 28. 28. 28. 28. 28. 28. 28. 28. 28. 28. 27.
 27. 27.]
	 Queue Understanding : deque([19, 2, 3, 4, 5, 6, 7, 8, 9, 10, 11, 12, 13, 14, 15, 0, 16])
23:12: I'm 17 and want a token for the 28 time.
	 LN : [28. 28. 27. 27. 27. 27. 27. 27. 27. 27. 27. 27. 27. 27. 27. 27. 27. 27.
 26. 26.]
	 RN : [29. 29. 28. 28. 28. 28. 28. 28. 28. 28. 28. 28. 28. 28. 28. 28. 28. 28.
 27. 27.]
	 Queue Understanding : deque([19, 2, 3, 4, 5, 6, 7, 8, 9, 10, 11, 12, 13, 14, 15, 0, 16])
24:20: I'm 17 and I got a token.
	 LN : [28. 28. 27. 27. 27. 27. 27. 27. 27. 27. 27. 27. 27. 27. 27. 27. 27. 27.
 26. 26.]
	 RN : [30. 29. 29. 29. 29. 29. 29. 29. 29. 29. 29. 29. 29. 29. 29. 29. 29. 28.
 28. 28.]
	 Queue Understanding : deque([19, 2, 3, 4, 5, 6, 7, 8, 9, 10, 11, 12, 13, 14, 15, 0, 16])
24:20: I am 17 and execute 28 CS.
	 LN : [29. 29. 28. 28. 28. 28. 28. 28. 28. 28. 28. 28. 28. 28. 28. 28. 28. 27.
 27. 27.]
	 RN : [30. 29. 29. 29. 29. 29. 29. 29. 29. 29. 29. 29. 29. 29. 29. 29. 29. 28.
 28. 28.]
	 Queue Understanding : deque([18, 19, 2, 3, 4, 5, 6, 7, 8, 9, 10, 11, 12, 13, 14, 15, 0])
24:23: I'm 17 and finished 28 CS.
	 LN : [29. 29. 28. 28. 28. 28. 28. 28. 28. 28. 28. 28. 28. 28. 28. 28. 28. 27.
 27. 27.]
	 RN : [30. 29. 29. 29. 29. 29. 29. 29. 29. 29. 29. 29. 29. 29. 29. 29. 29. 28.
 28. 28.]
	 Queue Understanding : deque([18, 19, 2, 3, 4, 5, 6, 7, 8, 9, 10, 11, 12, 13, 14, 15, 0])
24:23: I'm 17 and it adds 16 to the queue. Queue after adding: deque([18, 19, 2, 3, 4, 5, 6, 7, 8, 9, 10, 11, 12, 13, 14, 15, 0, 16]).
	 LN : [29. 29. 28. 28. 28. 28. 28. 28. 28. 28. 28. 28. 28. 28. 28. 28. 28. 28.
 27. 27.]
	 RN : [30. 29. 29. 29. 29. 29. 29. 29. 29. 29. 29. 29. 29. 29. 29. 29. 29. 28.
 28. 28.]
	 Queue Understanding : deque([18, 19, 2, 3, 4, 5, 6, 7, 8, 9, 10, 11, 12, 13, 14, 15, 0, 16])
24:23: I'm 17 and sending the token to 18.
	 LN : [29. 29. 28. 28. 28. 28. 28. 28. 28. 28. 28. 28. 28. 28. 28. 28. 28. 28.
 27. 27.]
	 RN : [30. 29. 29. 29. 29. 29. 29. 29. 29. 29. 29. 29. 29. 29. 29. 29. 29. 28.
 28. 28.]
	 Queue Understanding : deque([19, 2, 3, 4, 5, 6, 7, 8, 9, 10, 11, 12, 13, 14, 15, 0, 16])
24:24: I'm 17 and want a token for the 29 time.
	 LN : [29. 29. 28. 28. 28. 28. 28. 28. 28. 28. 28. 28. 28. 28. 28. 28. 28. 28.
 27. 27.]
	 RN : [30. 30. 29. 29. 29. 29. 29. 29. 29. 29. 29. 29. 29. 29. 29. 29. 29. 29.
 28. 28.]
	 Queue Understanding : deque([19, 2, 3, 4, 5, 6, 7, 8, 9, 10, 11, 12, 13, 14, 15, 0, 16])
