51:23: I'm 15 and want a token for the 1 time.
	 LN : [0. 0. 0. 0. 0. 0. 0. 0. 0. 0. 0. 0. 0. 0. 0. 0. 0. 0. 0. 0.]
	 RN : [1. 1. 0. 1. 1. 1. 1. 0. 0. 1. 1. 1. 1. 0. 1. 1. 1. 0. 1. 1.]
	 Queue Understanding : deque([])
52:13: I'm 15 and I got a token.
	 LN : [0. 0. 0. 0. 0. 0. 0. 0. 0. 0. 0. 0. 0. 0. 0. 0. 0. 0. 0. 0.]
	 RN : [2. 2. 2. 2. 2. 2. 2. 2. 2. 2. 2. 2. 2. 2. 1. 1. 1. 1. 1. 1.]
	 Queue Understanding : deque([])
52:13: I am 15 and execute 1 CS.
	 LN : [1. 1. 1. 1. 1. 1. 1. 1. 1. 1. 1. 1. 1. 1. 1. 0. 0. 0. 0. 0.]
	 RN : [2. 2. 2. 2. 2. 2. 2. 2. 2. 2. 2. 2. 2. 2. 1. 1. 1. 1. 1. 1.]
	 Queue Understanding : deque([16, 17, 18, 19, 0, 1, 2, 3, 4, 5, 6, 7, 8, 9, 10, 11, 12])
52:17: I'm 15 and finished 1 CS.
	 LN : [1. 1. 1. 1. 1. 1. 1. 1. 1. 1. 1. 1. 1. 1. 1. 0. 0. 0. 0. 0.]
	 RN : [2. 2. 2. 2. 2. 2. 2. 2. 2. 2. 2. 2. 2. 2. 1. 1. 1. 1. 1. 1.]
	 Queue Understanding : deque([16, 17, 18, 19, 0, 1, 2, 3, 4, 5, 6, 7, 8, 9, 10, 11, 12])
52:17: I'm 15 and it adds 13 to the queue. Queue after adding: deque([16, 17, 18, 19, 0, 1, 2, 3, 4, 5, 6, 7, 8, 9, 10, 11, 12, 13]).
	 LN : [1. 1. 1. 1. 1. 1. 1. 1. 1. 1. 1. 1. 1. 1. 1. 1. 0. 0. 0. 0.]
	 RN : [2. 2. 2. 2. 2. 2. 2. 2. 2. 2. 2. 2. 2. 2. 1. 1. 1. 1. 1. 1.]
	 Queue Understanding : deque([16, 17, 18, 19, 0, 1, 2, 3, 4, 5, 6, 7, 8, 9, 10, 11, 12, 13])
52:17: I'm 15 and sending the token to 16.
	 LN : [1. 1. 1. 1. 1. 1. 1. 1. 1. 1. 1. 1. 1. 1. 1. 1. 0. 0. 0. 0.]
	 RN : [2. 2. 2. 2. 2. 2. 2. 2. 2. 2. 2. 2. 2. 2. 1. 1. 1. 1. 1. 1.]
	 Queue Understanding : deque([17, 18, 19, 0, 1, 2, 3, 4, 5, 6, 7, 8, 9, 10, 11, 12, 13])
52:20: I'm 15 and want a token for the 2 time.
	 LN : [1. 1. 1. 1. 1. 1. 1. 1. 1. 1. 1. 1. 1. 1. 1. 1. 0. 0. 0. 0.]
	 RN : [2. 2. 2. 2. 2. 2. 2. 2. 2. 2. 2. 2. 2. 2. 2. 2. 1. 1. 1. 1.]
	 Queue Understanding : deque([17, 18, 19, 0, 1, 2, 3, 4, 5, 6, 7, 8, 9, 10, 11, 12, 13])
53:26: I'm 15 and I got a token.
	 LN : [1. 1. 1. 1. 1. 1. 1. 1. 1. 1. 1. 1. 1. 1. 1. 1. 0. 0. 0. 0.]
	 RN : [3. 3. 3. 3. 3. 3. 3. 3. 3. 3. 3. 3. 3. 3. 2. 2. 2. 2. 2. 2.]
	 Queue Understanding : deque([17, 18, 19, 0, 1, 2, 3, 4, 5, 6, 7, 8, 9, 10, 11, 12, 13])
53:26: I am 15 and execute 2 CS.
	 LN : [2. 2. 2. 2. 2. 2. 2. 2. 2. 2. 2. 2. 2. 2. 2. 1. 1. 1. 1. 1.]
	 RN : [3. 3. 3. 3. 3. 3. 3. 3. 3. 3. 3. 3. 3. 3. 2. 2. 2. 2. 2. 2.]
	 Queue Understanding : deque([16, 17, 18, 19, 0, 1, 2, 3, 4, 5, 6, 7, 8, 9, 10, 11, 12])
53:28: I'm 15 and finished 2 CS.
	 LN : [2. 2. 2. 2. 2. 2. 2. 2. 2. 2. 2. 2. 2. 2. 2. 1. 1. 1. 1. 1.]
	 RN : [3. 3. 3. 3. 3. 3. 3. 3. 3. 3. 3. 3. 3. 3. 2. 2. 2. 2. 2. 2.]
	 Queue Understanding : deque([16, 17, 18, 19, 0, 1, 2, 3, 4, 5, 6, 7, 8, 9, 10, 11, 12])
53:28: I'm 15 and it adds 13 to the queue. Queue after adding: deque([16, 17, 18, 19, 0, 1, 2, 3, 4, 5, 6, 7, 8, 9, 10, 11, 12, 13]).
	 LN : [2. 2. 2. 2. 2. 2. 2. 2. 2. 2. 2. 2. 2. 2. 2. 2. 1. 1. 1. 1.]
	 RN : [3. 3. 3. 3. 3. 3. 3. 3. 3. 3. 3. 3. 3. 3. 2. 2. 2. 2. 2. 2.]
	 Queue Understanding : deque([16, 17, 18, 19, 0, 1, 2, 3, 4, 5, 6, 7, 8, 9, 10, 11, 12, 13])
53:28: I'm 15 and sending the token to 16.
	 LN : [2. 2. 2. 2. 2. 2. 2. 2. 2. 2. 2. 2. 2. 2. 2. 2. 1. 1. 1. 1.]
	 RN : [3. 3. 3. 3. 3. 3. 3. 3. 3. 3. 3. 3. 3. 3. 2. 2. 2. 2. 2. 2.]
	 Queue Understanding : deque([17, 18, 19, 0, 1, 2, 3, 4, 5, 6, 7, 8, 9, 10, 11, 12, 13])
53:30: I'm 15 and want a token for the 3 time.
	 LN : [2. 2. 2. 2. 2. 2. 2. 2. 2. 2. 2. 2. 2. 2. 2. 2. 1. 1. 1. 1.]
	 RN : [3. 3. 3. 3. 3. 3. 3. 3. 3. 3. 3. 3. 3. 3. 3. 3. 2. 2. 2. 2.]
	 Queue Understanding : deque([17, 18, 19, 0, 1, 2, 3, 4, 5, 6, 7, 8, 9, 10, 11, 12, 13])
54:35: I'm 15 and I got a token.
	 LN : [2. 2. 2. 2. 2. 2. 2. 2. 2. 2. 2. 2. 2. 2. 2. 2. 1. 1. 1. 1.]
	 RN : [4. 4. 4. 4. 4. 4. 4. 4. 4. 4. 4. 4. 4. 4. 3. 3. 3. 3. 3. 3.]
	 Queue Understanding : deque([17, 18, 19, 0, 1, 2, 3, 4, 5, 6, 7, 8, 9, 10, 11, 12, 13])
54:35: I am 15 and execute 3 CS.
	 LN : [3. 3. 3. 3. 3. 3. 3. 3. 3. 3. 3. 3. 3. 3. 3. 2. 2. 2. 2. 2.]
	 RN : [4. 4. 4. 4. 4. 4. 4. 4. 4. 4. 4. 4. 4. 4. 3. 3. 3. 3. 3. 3.]
	 Queue Understanding : deque([16, 17, 18, 19, 0, 1, 2, 3, 4, 5, 6, 7, 8, 9, 10, 11, 12])
54:37: I'm 15 and finished 3 CS.
	 LN : [3. 3. 3. 3. 3. 3. 3. 3. 3. 3. 3. 3. 3. 3. 3. 2. 2. 2. 2. 2.]
	 RN : [4. 4. 4. 4. 4. 4. 4. 4. 4. 4. 4. 4. 4. 4. 3. 3. 3. 3. 3. 3.]
	 Queue Understanding : deque([16, 17, 18, 19, 0, 1, 2, 3, 4, 5, 6, 7, 8, 9, 10, 11, 12])
54:37: I'm 15 and it adds 13 to the queue. Queue after adding: deque([16, 17, 18, 19, 0, 1, 2, 3, 4, 5, 6, 7, 8, 9, 10, 11, 12, 13]).
	 LN : [3. 3. 3. 3. 3. 3. 3. 3. 3. 3. 3. 3. 3. 3. 3. 3. 2. 2. 2. 2.]
	 RN : [4. 4. 4. 4. 4. 4. 4. 4. 4. 4. 4. 4. 4. 4. 3. 3. 3. 3. 3. 3.]
	 Queue Understanding : deque([16, 17, 18, 19, 0, 1, 2, 3, 4, 5, 6, 7, 8, 9, 10, 11, 12, 13])
54:37: I'm 15 and sending the token to 16.
	 LN : [3. 3. 3. 3. 3. 3. 3. 3. 3. 3. 3. 3. 3. 3. 3. 3. 2. 2. 2. 2.]
	 RN : [4. 4. 4. 4. 4. 4. 4. 4. 4. 4. 4. 4. 4. 4. 3. 3. 3. 3. 3. 3.]
	 Queue Understanding : deque([17, 18, 19, 0, 1, 2, 3, 4, 5, 6, 7, 8, 9, 10, 11, 12, 13])
54:39: I'm 15 and want a token for the 4 time.
	 LN : [3. 3. 3. 3. 3. 3. 3. 3. 3. 3. 3. 3. 3. 3. 3. 3. 2. 2. 2. 2.]
	 RN : [4. 4. 4. 4. 4. 4. 4. 4. 4. 4. 4. 4. 4. 4. 4. 4. 3. 3. 3. 3.]
	 Queue Understanding : deque([17, 18, 19, 0, 1, 2, 3, 4, 5, 6, 7, 8, 9, 10, 11, 12, 13])
55:49: I'm 15 and I got a token.
	 LN : [3. 3. 3. 3. 3. 3. 3. 3. 3. 3. 3. 3. 3. 3. 3. 3. 2. 2. 2. 2.]
	 RN : [5. 5. 5. 5. 5. 5. 5. 5. 5. 5. 5. 5. 5. 5. 4. 4. 4. 4. 4. 4.]
	 Queue Understanding : deque([17, 18, 19, 0, 1, 2, 3, 4, 5, 6, 7, 8, 9, 10, 11, 12, 13])
55:49: I am 15 and execute 4 CS.
	 LN : [4. 4. 4. 4. 4. 4. 4. 4. 4. 4. 4. 4. 4. 4. 4. 3. 3. 3. 3. 3.]
	 RN : [5. 5. 5. 5. 5. 5. 5. 5. 5. 5. 5. 5. 5. 5. 4. 4. 4. 4. 4. 4.]
	 Queue Understanding : deque([16, 17, 18, 19, 0, 1, 2, 3, 4, 5, 6, 7, 8, 9, 10, 11, 12])
55:53: I'm 15 and finished 4 CS.
	 LN : [4. 4. 4. 4. 4. 4. 4. 4. 4. 4. 4. 4. 4. 4. 4. 3. 3. 3. 3. 3.]
	 RN : [5. 5. 5. 5. 5. 5. 5. 5. 5. 5. 5. 5. 5. 5. 4. 4. 4. 4. 4. 4.]
	 Queue Understanding : deque([16, 17, 18, 19, 0, 1, 2, 3, 4, 5, 6, 7, 8, 9, 10, 11, 12])
55:53: I'm 15 and it adds 13 to the queue. Queue after adding: deque([16, 17, 18, 19, 0, 1, 2, 3, 4, 5, 6, 7, 8, 9, 10, 11, 12, 13]).
	 LN : [4. 4. 4. 4. 4. 4. 4. 4. 4. 4. 4. 4. 4. 4. 4. 4. 3. 3. 3. 3.]
	 RN : [5. 5. 5. 5. 5. 5. 5. 5. 5. 5. 5. 5. 5. 5. 4. 4. 4. 4. 4. 4.]
	 Queue Understanding : deque([16, 17, 18, 19, 0, 1, 2, 3, 4, 5, 6, 7, 8, 9, 10, 11, 12, 13])
55:53: I'm 15 and sending the token to 16.
	 LN : [4. 4. 4. 4. 4. 4. 4. 4. 4. 4. 4. 4. 4. 4. 4. 4. 3. 3. 3. 3.]
	 RN : [5. 5. 5. 5. 5. 5. 5. 5. 5. 5. 5. 5. 5. 5. 4. 4. 4. 4. 4. 4.]
	 Queue Understanding : deque([17, 18, 19, 0, 1, 2, 3, 4, 5, 6, 7, 8, 9, 10, 11, 12, 13])
55:54: I'm 15 and want a token for the 5 time.
	 LN : [4. 4. 4. 4. 4. 4. 4. 4. 4. 4. 4. 4. 4. 4. 4. 4. 3. 3. 3. 3.]
	 RN : [5. 5. 5. 5. 5. 5. 5. 5. 5. 5. 5. 5. 5. 5. 5. 5. 4. 4. 4. 4.]
	 Queue Understanding : deque([17, 18, 19, 0, 1, 2, 3, 4, 5, 6, 7, 8, 9, 10, 11, 12, 13])
56:56: I'm 15 and I got a token.
	 LN : [4. 4. 4. 4. 4. 4. 4. 4. 4. 4. 4. 4. 4. 4. 4. 4. 3. 3. 3. 3.]
	 RN : [6. 6. 6. 6. 6. 6. 6. 6. 6. 6. 6. 6. 6. 5. 5. 5. 5. 5. 5. 5.]
	 Queue Understanding : deque([17, 18, 19, 0, 1, 2, 3, 4, 5, 6, 7, 8, 9, 10, 11, 12, 13])
56:56: I am 15 and execute 5 CS.
	 LN : [5. 5. 5. 5. 5. 5. 5. 5. 5. 5. 5. 5. 5. 5. 5. 4. 4. 4. 4. 4.]
	 RN : [6. 6. 6. 6. 6. 6. 6. 6. 6. 6. 6. 6. 6. 5. 5. 5. 5. 5. 5. 5.]
	 Queue Understanding : deque([16, 17, 18, 19, 0, 1, 2, 3, 4, 5, 6, 7, 8, 9, 10, 11, 12])
57:00: I'm 15 and finished 5 CS.
	 LN : [5. 5. 5. 5. 5. 5. 5. 5. 5. 5. 5. 5. 5. 5. 5. 4. 4. 4. 4. 4.]
	 RN : [6. 6. 6. 6. 6. 6. 6. 6. 6. 6. 6. 6. 6. 5. 5. 5. 5. 5. 5. 5.]
	 Queue Understanding : deque([16, 17, 18, 19, 0, 1, 2, 3, 4, 5, 6, 7, 8, 9, 10, 11, 12])
57:00: I'm 15 and sending the token to 16.
	 LN : [5. 5. 5. 5. 5. 5. 5. 5. 5. 5. 5. 5. 5. 5. 5. 5. 4. 4. 4. 4.]
	 RN : [6. 6. 6. 6. 6. 6. 6. 6. 6. 6. 6. 6. 6. 5. 5. 5. 5. 5. 5. 5.]
	 Queue Understanding : deque([17, 18, 19, 0, 1, 2, 3, 4, 5, 6, 7, 8, 9, 10, 11, 12])
57:02: I'm 15 and want a token for the 6 time.
	 LN : [5. 5. 5. 5. 5. 5. 5. 5. 5. 5. 5. 5. 5. 5. 5. 5. 4. 4. 4. 4.]
	 RN : [6. 6. 6. 6. 6. 6. 6. 6. 6. 6. 6. 6. 6. 6. 6. 6. 5. 5. 5. 5.]
	 Queue Understanding : deque([17, 18, 19, 0, 1, 2, 3, 4, 5, 6, 7, 8, 9, 10, 11, 12])
58:10: I'm 15 and I got a token.
	 LN : [5. 5. 5. 5. 5. 5. 5. 5. 5. 5. 5. 5. 5. 5. 5. 5. 4. 4. 4. 4.]
	 RN : [7. 7. 7. 7. 7. 7. 7. 7. 7. 7. 7. 7. 7. 6. 6. 6. 6. 6. 6. 6.]
	 Queue Understanding : deque([17, 18, 19, 0, 1, 2, 3, 4, 5, 6, 7, 8, 9, 10, 11, 12])
58:10: I am 15 and execute 6 CS.
	 LN : [6. 6. 6. 6. 6. 6. 6. 6. 6. 6. 6. 6. 6. 6. 6. 5. 5. 5. 5. 5.]
	 RN : [7. 7. 7. 7. 7. 7. 7. 7. 7. 7. 7. 7. 7. 6. 6. 6. 6. 6. 6. 6.]
	 Queue Understanding : deque([16, 17, 18, 0, 19, 1, 2, 3, 4, 5, 6, 7, 8, 9, 10, 11, 12])
58:14: I'm 15 and finished 6 CS.
	 LN : [6. 6. 6. 6. 6. 6. 6. 6. 6. 6. 6. 6. 6. 6. 6. 5. 5. 5. 5. 5.]
	 RN : [7. 7. 7. 7. 7. 7. 7. 7. 7. 7. 7. 7. 7. 6. 6. 6. 6. 6. 6. 6.]
	 Queue Understanding : deque([16, 17, 18, 0, 19, 1, 2, 3, 4, 5, 6, 7, 8, 9, 10, 11, 12])
58:14: I'm 15 and sending the token to 16.
	 LN : [6. 6. 6. 6. 6. 6. 6. 6. 6. 6. 6. 6. 6. 6. 6. 6. 5. 5. 5. 5.]
	 RN : [7. 7. 7. 7. 7. 7. 7. 7. 7. 7. 7. 7. 7. 6. 6. 6. 6. 6. 6. 6.]
	 Queue Understanding : deque([17, 18, 0, 19, 1, 2, 3, 4, 5, 6, 7, 8, 9, 10, 11, 12])
58:17: I'm 15 and want a token for the 7 time.
	 LN : [6. 6. 6. 6. 6. 6. 6. 6. 6. 6. 6. 6. 6. 6. 6. 6. 5. 5. 5. 5.]
	 RN : [7. 7. 7. 7. 7. 7. 7. 7. 7. 7. 7. 7. 7. 7. 7. 7. 6. 6. 6. 6.]
	 Queue Understanding : deque([17, 18, 0, 19, 1, 2, 3, 4, 5, 6, 7, 8, 9, 10, 11, 12])
59:20: I'm 15 and I got a token.
	 LN : [6. 6. 6. 6. 6. 6. 6. 6. 6. 6. 6. 6. 6. 6. 6. 6. 5. 5. 5. 5.]
	 RN : [8. 8. 8. 8. 8. 8. 8. 8. 8. 8. 8. 8. 8. 8. 7. 7. 7. 7. 7. 7.]
	 Queue Understanding : deque([17, 18, 0, 19, 1, 2, 3, 4, 5, 6, 7, 8, 9, 10, 11, 12])
59:20: I am 15 and execute 7 CS.
	 LN : [7. 7. 7. 7. 7. 7. 7. 7. 7. 7. 7. 7. 7. 7. 7. 6. 6. 6. 6. 6.]
	 RN : [8. 8. 8. 8. 8. 8. 8. 8. 8. 8. 8. 8. 8. 8. 7. 7. 7. 7. 7. 7.]
	 Queue Understanding : deque([16, 17, 18, 0, 19, 1, 2, 3, 4, 5, 6, 7, 8, 9, 10, 11, 12])
59:24: I'm 15 and finished 7 CS.
	 LN : [7. 7. 7. 7. 7. 7. 7. 7. 7. 7. 7. 7. 7. 7. 7. 6. 6. 6. 6. 6.]
	 RN : [8. 8. 8. 8. 8. 8. 8. 8. 8. 8. 8. 8. 8. 8. 7. 7. 7. 7. 7. 7.]
	 Queue Understanding : deque([16, 17, 18, 0, 19, 1, 2, 3, 4, 5, 6, 7, 8, 9, 10, 11, 12])
59:24: I'm 15 and it adds 13 to the queue. Queue after adding: deque([16, 17, 18, 0, 19, 1, 2, 3, 4, 5, 6, 7, 8, 9, 10, 11, 12, 13]).
	 LN : [7. 7. 7. 7. 7. 7. 7. 7. 7. 7. 7. 7. 7. 7. 7. 7. 6. 6. 6. 6.]
	 RN : [8. 8. 8. 8. 8. 8. 8. 8. 8. 8. 8. 8. 8. 8. 7. 7. 7. 7. 7. 7.]
	 Queue Understanding : deque([16, 17, 18, 0, 19, 1, 2, 3, 4, 5, 6, 7, 8, 9, 10, 11, 12, 13])
59:24: I'm 15 and sending the token to 16.
	 LN : [7. 7. 7. 7. 7. 7. 7. 7. 7. 7. 7. 7. 7. 7. 7. 7. 6. 6. 6. 6.]
	 RN : [8. 8. 8. 8. 8. 8. 8. 8. 8. 8. 8. 8. 8. 8. 7. 7. 7. 7. 7. 7.]
	 Queue Understanding : deque([17, 18, 0, 19, 1, 2, 3, 4, 5, 6, 7, 8, 9, 10, 11, 12, 13])
59:26: I'm 15 and want a token for the 8 time.
	 LN : [7. 7. 7. 7. 7. 7. 7. 7. 7. 7. 7. 7. 7. 7. 7. 7. 6. 6. 6. 6.]
	 RN : [8. 8. 8. 8. 8. 8. 8. 8. 8. 8. 8. 8. 8. 8. 8. 8. 7. 7. 7. 7.]
	 Queue Understanding : deque([17, 18, 0, 19, 1, 2, 3, 4, 5, 6, 7, 8, 9, 10, 11, 12, 13])
00:28: I'm 15 and I got a token.
	 LN : [7. 7. 7. 7. 7. 7. 7. 7. 7. 7. 7. 7. 7. 7. 7. 7. 6. 6. 6. 6.]
	 RN : [9. 9. 9. 9. 9. 9. 9. 9. 9. 9. 9. 9. 9. 9. 8. 8. 8. 8. 8. 8.]
	 Queue Understanding : deque([17, 18, 0, 19, 1, 2, 3, 4, 5, 6, 7, 8, 9, 10, 11, 12, 13])
00:28: I am 15 and execute 8 CS.
	 LN : [8. 8. 8. 8. 8. 8. 8. 8. 8. 8. 8. 8. 8. 8. 8. 7. 7. 7. 7. 7.]
	 RN : [9. 9. 9. 9. 9. 9. 9. 9. 9. 9. 9. 9. 9. 9. 8. 8. 8. 8. 8. 8.]
	 Queue Understanding : deque([16, 17, 18, 0, 19, 1, 2, 3, 4, 5, 6, 7, 8, 9, 10, 11, 12])
00:31: I'm 15 and finished 8 CS.
	 LN : [8. 8. 8. 8. 8. 8. 8. 8. 8. 8. 8. 8. 8. 8. 8. 7. 7. 7. 7. 7.]
	 RN : [9. 9. 9. 9. 9. 9. 9. 9. 9. 9. 9. 9. 9. 9. 8. 8. 8. 8. 8. 8.]
	 Queue Understanding : deque([16, 17, 18, 0, 19, 1, 2, 3, 4, 5, 6, 7, 8, 9, 10, 11, 12])
00:31: I'm 15 and it adds 13 to the queue. Queue after adding: deque([16, 17, 18, 0, 19, 1, 2, 3, 4, 5, 6, 7, 8, 9, 10, 11, 12, 13]).
	 LN : [8. 8. 8. 8. 8. 8. 8. 8. 8. 8. 8. 8. 8. 8. 8. 8. 7. 7. 7. 7.]
	 RN : [9. 9. 9. 9. 9. 9. 9. 9. 9. 9. 9. 9. 9. 9. 8. 8. 8. 8. 8. 8.]
	 Queue Understanding : deque([16, 17, 18, 0, 19, 1, 2, 3, 4, 5, 6, 7, 8, 9, 10, 11, 12, 13])
00:31: I'm 15 and sending the token to 16.
	 LN : [8. 8. 8. 8. 8. 8. 8. 8. 8. 8. 8. 8. 8. 8. 8. 8. 7. 7. 7. 7.]
	 RN : [9. 9. 9. 9. 9. 9. 9. 9. 9. 9. 9. 9. 9. 9. 8. 8. 8. 8. 8. 8.]
	 Queue Understanding : deque([17, 18, 0, 19, 1, 2, 3, 4, 5, 6, 7, 8, 9, 10, 11, 12, 13])
00:32: I'm 15 and want a token for the 9 time.
	 LN : [8. 8. 8. 8. 8. 8. 8. 8. 8. 8. 8. 8. 8. 8. 8. 8. 7. 7. 7. 7.]
	 RN : [9. 9. 9. 9. 9. 9. 9. 9. 9. 9. 9. 9. 9. 9. 9. 9. 8. 8. 8. 8.]
	 Queue Understanding : deque([17, 18, 0, 19, 1, 2, 3, 4, 5, 6, 7, 8, 9, 10, 11, 12, 13])
01:46: I'm 15 and I got a token.
	 LN : [8. 8. 8. 8. 8. 8. 8. 8. 8. 8. 8. 8. 8. 8. 8. 8. 7. 7. 7. 7.]
	 RN : [10. 10. 10. 10. 10. 10. 10. 10. 10. 10. 10. 10. 10. 10.  9.  9.  9.  9.
  9.  9.]
	 Queue Understanding : deque([17, 18, 0, 19, 1, 2, 3, 4, 5, 6, 7, 8, 9, 10, 11, 12, 13])
01:46: I am 15 and execute 9 CS.
	 LN : [9. 9. 9. 9. 9. 9. 9. 9. 9. 9. 9. 9. 9. 9. 9. 8. 8. 8. 8. 8.]
	 RN : [10. 10. 10. 10. 10. 10. 10. 10. 10. 10. 10. 10. 10. 10.  9.  9.  9.  9.
  9.  9.]
	 Queue Understanding : deque([16, 17, 18, 0, 19, 1, 2, 3, 4, 5, 6, 7, 8, 9, 10, 11, 12])
01:50: I'm 15 and finished 9 CS.
	 LN : [9. 9. 9. 9. 9. 9. 9. 9. 9. 9. 9. 9. 9. 9. 9. 8. 8. 8. 8. 8.]
	 RN : [10. 10. 10. 10. 10. 10. 10. 10. 10. 10. 10. 10. 10. 10.  9.  9.  9.  9.
  9.  9.]
	 Queue Understanding : deque([16, 17, 18, 0, 19, 1, 2, 3, 4, 5, 6, 7, 8, 9, 10, 11, 12])
01:50: I'm 15 and it adds 13 to the queue. Queue after adding: deque([16, 17, 18, 0, 19, 1, 2, 3, 4, 5, 6, 7, 8, 9, 10, 11, 12, 13]).
	 LN : [9. 9. 9. 9. 9. 9. 9. 9. 9. 9. 9. 9. 9. 9. 9. 9. 8. 8. 8. 8.]
	 RN : [10. 10. 10. 10. 10. 10. 10. 10. 10. 10. 10. 10. 10. 10.  9.  9.  9.  9.
  9.  9.]
	 Queue Understanding : deque([16, 17, 18, 0, 19, 1, 2, 3, 4, 5, 6, 7, 8, 9, 10, 11, 12, 13])
01:50: I'm 15 and sending the token to 16.
	 LN : [9. 9. 9. 9. 9. 9. 9. 9. 9. 9. 9. 9. 9. 9. 9. 9. 8. 8. 8. 8.]
	 RN : [10. 10. 10. 10. 10. 10. 10. 10. 10. 10. 10. 10. 10. 10.  9.  9.  9.  9.
  9.  9.]
	 Queue Understanding : deque([17, 18, 0, 19, 1, 2, 3, 4, 5, 6, 7, 8, 9, 10, 11, 12, 13])
01:52: I'm 15 and want a token for the 10 time.
	 LN : [9. 9. 9. 9. 9. 9. 9. 9. 9. 9. 9. 9. 9. 9. 9. 9. 8. 8. 8. 8.]
	 RN : [10. 10. 10. 10. 10. 10. 10. 10. 10. 10. 10. 10. 10. 10. 10. 10.  9.  9.
  9.  9.]
	 Queue Understanding : deque([17, 18, 0, 19, 1, 2, 3, 4, 5, 6, 7, 8, 9, 10, 11, 12, 13])
02:59: I'm 15 and I got a token.
	 LN : [9. 9. 9. 9. 9. 9. 9. 9. 9. 9. 9. 9. 9. 9. 9. 9. 8. 8. 8. 8.]
	 RN : [11. 11. 11. 11. 11. 11. 11. 11. 11. 11. 11. 11. 11. 11. 10. 10. 10. 10.
 10. 10.]
	 Queue Understanding : deque([17, 18, 0, 19, 1, 2, 3, 4, 5, 6, 7, 8, 9, 10, 11, 12, 13])
02:59: I am 15 and execute 10 CS.
	 LN : [10. 10. 10. 10. 10. 10. 10. 10. 10. 10. 10. 10. 10. 10. 10.  9.  9.  9.
  9.  9.]
	 RN : [11. 11. 11. 11. 11. 11. 11. 11. 11. 11. 11. 11. 11. 11. 10. 10. 10. 10.
 10. 10.]
	 Queue Understanding : deque([16, 17, 18, 0, 19, 1, 2, 3, 4, 5, 6, 7, 8, 9, 10, 11, 12])
03:03: I'm 15 and finished 10 CS.
	 LN : [10. 10. 10. 10. 10. 10. 10. 10. 10. 10. 10. 10. 10. 10. 10.  9.  9.  9.
  9.  9.]
	 RN : [11. 11. 11. 11. 11. 11. 11. 11. 11. 11. 11. 11. 11. 11. 10. 10. 10. 10.
 10. 10.]
	 Queue Understanding : deque([16, 17, 18, 0, 19, 1, 2, 3, 4, 5, 6, 7, 8, 9, 10, 11, 12])
03:03: I'm 15 and it adds 13 to the queue. Queue after adding: deque([16, 17, 18, 0, 19, 1, 2, 3, 4, 5, 6, 7, 8, 9, 10, 11, 12, 13]).
	 LN : [10. 10. 10. 10. 10. 10. 10. 10. 10. 10. 10. 10. 10. 10. 10. 10.  9.  9.
  9.  9.]
	 RN : [11. 11. 11. 11. 11. 11. 11. 11. 11. 11. 11. 11. 11. 11. 10. 10. 10. 10.
 10. 10.]
	 Queue Understanding : deque([16, 17, 18, 0, 19, 1, 2, 3, 4, 5, 6, 7, 8, 9, 10, 11, 12, 13])
03:03: I'm 15 and sending the token to 16.
	 LN : [10. 10. 10. 10. 10. 10. 10. 10. 10. 10. 10. 10. 10. 10. 10. 10.  9.  9.
  9.  9.]
	 RN : [11. 11. 11. 11. 11. 11. 11. 11. 11. 11. 11. 11. 11. 11. 10. 10. 10. 10.
 10. 10.]
	 Queue Understanding : deque([17, 18, 0, 19, 1, 2, 3, 4, 5, 6, 7, 8, 9, 10, 11, 12, 13])
03:04: I'm 15 and want a token for the 11 time.
	 LN : [10. 10. 10. 10. 10. 10. 10. 10. 10. 10. 10. 10. 10. 10. 10. 10.  9.  9.
  9.  9.]
	 RN : [11. 11. 11. 11. 11. 11. 11. 11. 11. 11. 11. 11. 11. 11. 11. 11. 10. 10.
 10. 10.]
	 Queue Understanding : deque([17, 18, 0, 19, 1, 2, 3, 4, 5, 6, 7, 8, 9, 10, 11, 12, 13])
04:10: I'm 15 and I got a token.
	 LN : [10. 10. 10. 10. 10. 10. 10. 10. 10. 10. 10. 10. 10. 10. 10. 10.  9.  9.
  9.  9.]
	 RN : [12. 12. 12. 12. 12. 12. 12. 12. 12. 12. 12. 12. 12. 12. 11. 11. 11. 11.
 11. 11.]
	 Queue Understanding : deque([17, 18, 0, 19, 1, 2, 3, 4, 5, 6, 7, 8, 9, 10, 11, 12, 13])
04:10: I am 15 and execute 11 CS.
	 LN : [11. 11. 11. 11. 11. 11. 11. 11. 11. 11. 11. 11. 11. 11. 11. 10. 10. 10.
 10. 10.]
	 RN : [12. 12. 12. 12. 12. 12. 12. 12. 12. 12. 12. 12. 12. 12. 11. 11. 11. 11.
 11. 11.]
	 Queue Understanding : deque([16, 17, 0, 18, 19, 1, 2, 3, 4, 5, 6, 7, 8, 9, 10, 11, 12])
04:15: I'm 15 and finished 11 CS.
	 LN : [11. 11. 11. 11. 11. 11. 11. 11. 11. 11. 11. 11. 11. 11. 11. 10. 10. 10.
 10. 10.]
	 RN : [12. 12. 12. 12. 12. 12. 12. 12. 12. 12. 12. 12. 12. 12. 11. 11. 11. 11.
 11. 11.]
	 Queue Understanding : deque([16, 17, 0, 18, 19, 1, 2, 3, 4, 5, 6, 7, 8, 9, 10, 11, 12])
04:15: I'm 15 and it adds 13 to the queue. Queue after adding: deque([16, 17, 0, 18, 19, 1, 2, 3, 4, 5, 6, 7, 8, 9, 10, 11, 12, 13]).
	 LN : [11. 11. 11. 11. 11. 11. 11. 11. 11. 11. 11. 11. 11. 11. 11. 11. 10. 10.
 10. 10.]
	 RN : [12. 12. 12. 12. 12. 12. 12. 12. 12. 12. 12. 12. 12. 12. 11. 11. 11. 11.
 11. 11.]
	 Queue Understanding : deque([16, 17, 0, 18, 19, 1, 2, 3, 4, 5, 6, 7, 8, 9, 10, 11, 12, 13])
04:15: I'm 15 and sending the token to 16.
	 LN : [11. 11. 11. 11. 11. 11. 11. 11. 11. 11. 11. 11. 11. 11. 11. 11. 10. 10.
 10. 10.]
	 RN : [12. 12. 12. 12. 12. 12. 12. 12. 12. 12. 12. 12. 12. 12. 11. 11. 11. 11.
 11. 11.]
	 Queue Understanding : deque([17, 0, 18, 19, 1, 2, 3, 4, 5, 6, 7, 8, 9, 10, 11, 12, 13])
04:17: I'm 15 and want a token for the 12 time.
	 LN : [11. 11. 11. 11. 11. 11. 11. 11. 11. 11. 11. 11. 11. 11. 11. 11. 10. 10.
 10. 10.]
	 RN : [12. 12. 12. 12. 12. 12. 12. 12. 12. 12. 12. 12. 12. 12. 12. 12. 11. 11.
 11. 11.]
	 Queue Understanding : deque([17, 0, 18, 19, 1, 2, 3, 4, 5, 6, 7, 8, 9, 10, 11, 12, 13])
05:21: I'm 15 and I got a token.
	 LN : [11. 11. 11. 11. 11. 11. 11. 11. 11. 11. 11. 11. 11. 11. 11. 11. 10. 10.
 10. 10.]
	 RN : [13. 13. 13. 13. 13. 13. 13. 13. 13. 13. 13. 13. 13. 13. 12. 12. 12. 12.
 12. 12.]
	 Queue Understanding : deque([17, 0, 18, 19, 1, 2, 3, 4, 5, 6, 7, 8, 9, 10, 11, 12, 13])
05:21: I am 15 and execute 12 CS.
	 LN : [12. 12. 12. 12. 12. 12. 12. 12. 12. 12. 12. 12. 12. 12. 12. 11. 11. 11.
 11. 11.]
	 RN : [13. 13. 13. 13. 13. 13. 13. 13. 13. 13. 13. 13. 13. 13. 12. 12. 12. 12.
 12. 12.]
	 Queue Understanding : deque([16, 17, 0, 18, 19, 1, 2, 3, 4, 5, 6, 7, 8, 9, 10, 11, 12])
05:25: I'm 15 and finished 12 CS.
	 LN : [12. 12. 12. 12. 12. 12. 12. 12. 12. 12. 12. 12. 12. 12. 12. 11. 11. 11.
 11. 11.]
	 RN : [13. 13. 13. 13. 13. 13. 13. 13. 13. 13. 13. 13. 13. 13. 12. 12. 12. 12.
 12. 12.]
	 Queue Understanding : deque([16, 17, 0, 18, 19, 1, 2, 3, 4, 5, 6, 7, 8, 9, 10, 11, 12])
05:25: I'm 15 and it adds 13 to the queue. Queue after adding: deque([16, 17, 0, 18, 19, 1, 2, 3, 4, 5, 6, 7, 8, 9, 10, 11, 12, 13]).
	 LN : [12. 12. 12. 12. 12. 12. 12. 12. 12. 12. 12. 12. 12. 12. 12. 12. 11. 11.
 11. 11.]
	 RN : [13. 13. 13. 13. 13. 13. 13. 13. 13. 13. 13. 13. 13. 13. 12. 12. 12. 12.
 12. 12.]
	 Queue Understanding : deque([16, 17, 0, 18, 19, 1, 2, 3, 4, 5, 6, 7, 8, 9, 10, 11, 12, 13])
05:25: I'm 15 and sending the token to 16.
	 LN : [12. 12. 12. 12. 12. 12. 12. 12. 12. 12. 12. 12. 12. 12. 12. 12. 11. 11.
 11. 11.]
	 RN : [13. 13. 13. 13. 13. 13. 13. 13. 13. 13. 13. 13. 13. 13. 12. 12. 12. 12.
 12. 12.]
	 Queue Understanding : deque([17, 0, 18, 19, 1, 2, 3, 4, 5, 6, 7, 8, 9, 10, 11, 12, 13])
05:27: I'm 15 and want a token for the 13 time.
	 LN : [12. 12. 12. 12. 12. 12. 12. 12. 12. 12. 12. 12. 12. 12. 12. 12. 11. 11.
 11. 11.]
	 RN : [13. 13. 13. 13. 13. 13. 13. 13. 13. 13. 13. 13. 13. 13. 13. 13. 12. 12.
 12. 12.]
	 Queue Understanding : deque([17, 0, 18, 19, 1, 2, 3, 4, 5, 6, 7, 8, 9, 10, 11, 12, 13])
06:33: I'm 15 and I got a token.
	 LN : [12. 12. 12. 12. 12. 12. 12. 12. 12. 12. 12. 12. 12. 12. 12. 12. 11. 11.
 11. 11.]
	 RN : [14. 14. 14. 14. 14. 14. 14. 14. 14. 14. 14. 14. 14. 13. 13. 13. 13. 13.
 13. 13.]
	 Queue Understanding : deque([17, 0, 18, 19, 1, 2, 3, 4, 5, 6, 7, 8, 9, 10, 11, 12, 13])
06:33: I am 15 and execute 13 CS.
	 LN : [13. 13. 13. 13. 13. 13. 13. 13. 13. 13. 13. 13. 13. 13. 13. 12. 12. 12.
 12. 12.]
	 RN : [14. 14. 14. 14. 14. 14. 14. 14. 14. 14. 14. 14. 14. 13. 13. 13. 13. 13.
 13. 13.]
	 Queue Understanding : deque([16, 17, 0, 18, 19, 1, 2, 3, 4, 5, 6, 7, 8, 9, 10, 11, 12])
06:37: I'm 15 and finished 13 CS.
	 LN : [13. 13. 13. 13. 13. 13. 13. 13. 13. 13. 13. 13. 13. 13. 13. 12. 12. 12.
 12. 12.]
	 RN : [14. 14. 14. 14. 14. 14. 14. 14. 14. 14. 14. 14. 14. 13. 13. 13. 13. 13.
 13. 13.]
	 Queue Understanding : deque([16, 17, 0, 18, 19, 1, 2, 3, 4, 5, 6, 7, 8, 9, 10, 11, 12])
06:37: I'm 15 and sending the token to 16.
	 LN : [13. 13. 13. 13. 13. 13. 13. 13. 13. 13. 13. 13. 13. 13. 13. 13. 12. 12.
 12. 12.]
	 RN : [14. 14. 14. 14. 14. 14. 14. 14. 14. 14. 14. 14. 14. 13. 13. 13. 13. 13.
 13. 13.]
	 Queue Understanding : deque([17, 0, 18, 19, 1, 2, 3, 4, 5, 6, 7, 8, 9, 10, 11, 12])
06:38: I'm 15 and want a token for the 14 time.
	 LN : [13. 13. 13. 13. 13. 13. 13. 13. 13. 13. 13. 13. 13. 13. 13. 13. 12. 12.
 12. 12.]
	 RN : [14. 14. 14. 14. 14. 14. 14. 14. 14. 14. 14. 14. 14. 14. 14. 14. 13. 13.
 13. 13.]
	 Queue Understanding : deque([17, 0, 18, 19, 1, 2, 3, 4, 5, 6, 7, 8, 9, 10, 11, 12])
07:50: I'm 15 and I got a token.
	 LN : [13. 13. 13. 13. 13. 13. 13. 13. 13. 13. 13. 13. 13. 13. 13. 13. 12. 12.
 12. 12.]
	 RN : [15. 15. 15. 15. 15. 15. 15. 15. 15. 15. 15. 15. 15. 15. 14. 14. 14. 14.
 14. 14.]
	 Queue Understanding : deque([17, 0, 18, 19, 1, 2, 3, 4, 5, 6, 7, 8, 9, 10, 11, 12])
07:50: I am 15 and execute 14 CS.
	 LN : [14. 14. 14. 14. 14. 14. 14. 14. 14. 14. 14. 14. 14. 14. 14. 13. 13. 13.
 13. 13.]
	 RN : [15. 15. 15. 15. 15. 15. 15. 15. 15. 15. 15. 15. 15. 15. 14. 14. 14. 14.
 14. 14.]
	 Queue Understanding : deque([16, 17, 0, 18, 19, 1, 2, 3, 4, 5, 6, 7, 8, 9, 10, 11, 12])
07:52: I'm 15 and finished 14 CS.
	 LN : [14. 14. 14. 14. 14. 14. 14. 14. 14. 14. 14. 14. 14. 14. 14. 13. 13. 13.
 13. 13.]
	 RN : [15. 15. 15. 15. 15. 15. 15. 15. 15. 15. 15. 15. 15. 15. 14. 14. 14. 14.
 14. 14.]
	 Queue Understanding : deque([16, 17, 0, 18, 19, 1, 2, 3, 4, 5, 6, 7, 8, 9, 10, 11, 12])
07:52: I'm 15 and it adds 13 to the queue. Queue after adding: deque([16, 17, 0, 18, 19, 1, 2, 3, 4, 5, 6, 7, 8, 9, 10, 11, 12, 13]).
	 LN : [14. 14. 14. 14. 14. 14. 14. 14. 14. 14. 14. 14. 14. 14. 14. 14. 13. 13.
 13. 13.]
	 RN : [15. 15. 15. 15. 15. 15. 15. 15. 15. 15. 15. 15. 15. 15. 14. 14. 14. 14.
 14. 14.]
	 Queue Understanding : deque([16, 17, 0, 18, 19, 1, 2, 3, 4, 5, 6, 7, 8, 9, 10, 11, 12, 13])
07:52: I'm 15 and sending the token to 16.
	 LN : [14. 14. 14. 14. 14. 14. 14. 14. 14. 14. 14. 14. 14. 14. 14. 14. 13. 13.
 13. 13.]
	 RN : [15. 15. 15. 15. 15. 15. 15. 15. 15. 15. 15. 15. 15. 15. 14. 14. 14. 14.
 14. 14.]
	 Queue Understanding : deque([17, 0, 18, 19, 1, 2, 3, 4, 5, 6, 7, 8, 9, 10, 11, 12, 13])
07:54: I'm 15 and want a token for the 15 time.
	 LN : [14. 14. 14. 14. 14. 14. 14. 14. 14. 14. 14. 14. 14. 14. 14. 14. 13. 13.
 13. 13.]
	 RN : [15. 15. 15. 15. 15. 15. 15. 15. 15. 15. 15. 15. 15. 15. 15. 15. 14. 14.
 14. 14.]
	 Queue Understanding : deque([17, 0, 18, 19, 1, 2, 3, 4, 5, 6, 7, 8, 9, 10, 11, 12, 13])
09:00: I'm 15 and I got a token.
	 LN : [14. 14. 14. 14. 14. 14. 14. 14. 14. 14. 14. 14. 14. 14. 14. 14. 13. 13.
 13. 13.]
	 RN : [16. 16. 16. 16. 16. 16. 16. 16. 16. 16. 16. 16. 16. 16. 15. 15. 15. 15.
 15. 15.]
	 Queue Understanding : deque([17, 0, 18, 19, 1, 2, 3, 4, 5, 6, 7, 8, 9, 10, 11, 12, 13])
09:00: I am 15 and execute 15 CS.
	 LN : [15. 15. 15. 15. 15. 15. 15. 15. 15. 15. 15. 15. 15. 15. 15. 14. 14. 14.
 14. 14.]
	 RN : [16. 16. 16. 16. 16. 16. 16. 16. 16. 16. 16. 16. 16. 16. 15. 15. 15. 15.
 15. 15.]
	 Queue Understanding : deque([16, 0, 17, 18, 19, 1, 2, 3, 4, 5, 6, 7, 8, 9, 10, 11, 12])
09:05: I'm 15 and finished 15 CS.
	 LN : [15. 15. 15. 15. 15. 15. 15. 15. 15. 15. 15. 15. 15. 15. 15. 14. 14. 14.
 14. 14.]
	 RN : [16. 16. 16. 16. 16. 16. 16. 16. 16. 16. 16. 16. 16. 16. 15. 15. 15. 15.
 15. 15.]
	 Queue Understanding : deque([16, 0, 17, 18, 19, 1, 2, 3, 4, 5, 6, 7, 8, 9, 10, 11, 12])
09:05: I'm 15 and it adds 13 to the queue. Queue after adding: deque([16, 0, 17, 18, 19, 1, 2, 3, 4, 5, 6, 7, 8, 9, 10, 11, 12, 13]).
	 LN : [15. 15. 15. 15. 15. 15. 15. 15. 15. 15. 15. 15. 15. 15. 15. 15. 14. 14.
 14. 14.]
	 RN : [16. 16. 16. 16. 16. 16. 16. 16. 16. 16. 16. 16. 16. 16. 15. 15. 15. 15.
 15. 15.]
	 Queue Understanding : deque([16, 0, 17, 18, 19, 1, 2, 3, 4, 5, 6, 7, 8, 9, 10, 11, 12, 13])
09:05: I'm 15 and sending the token to 16.
	 LN : [15. 15. 15. 15. 15. 15. 15. 15. 15. 15. 15. 15. 15. 15. 15. 15. 14. 14.
 14. 14.]
	 RN : [16. 16. 16. 16. 16. 16. 16. 16. 16. 16. 16. 16. 16. 16. 15. 15. 15. 15.
 15. 15.]
	 Queue Understanding : deque([0, 17, 18, 19, 1, 2, 3, 4, 5, 6, 7, 8, 9, 10, 11, 12, 13])
09:08: I'm 15 and want a token for the 16 time.
	 LN : [15. 15. 15. 15. 15. 15. 15. 15. 15. 15. 15. 15. 15. 15. 15. 15. 14. 14.
 14. 14.]
	 RN : [16. 16. 16. 16. 16. 16. 16. 16. 16. 16. 16. 16. 16. 16. 16. 16. 15. 15.
 15. 15.]
	 Queue Understanding : deque([0, 17, 18, 19, 1, 2, 3, 4, 5, 6, 7, 8, 9, 10, 11, 12, 13])
10:11: I'm 15 and I got a token.
	 LN : [15. 15. 15. 15. 15. 15. 15. 15. 15. 15. 15. 15. 15. 15. 15. 15. 14. 14.
 14. 14.]
	 RN : [17. 17. 17. 17. 17. 17. 17. 17. 17. 17. 17. 17. 17. 17. 16. 16. 16. 16.
 16. 16.]
	 Queue Understanding : deque([0, 17, 18, 19, 1, 2, 3, 4, 5, 6, 7, 8, 9, 10, 11, 12, 13])
10:11: I am 15 and execute 16 CS.
	 LN : [16. 16. 16. 16. 16. 16. 16. 16. 16. 16. 16. 16. 16. 16. 16. 15. 15. 15.
 15. 15.]
	 RN : [17. 17. 17. 17. 17. 17. 17. 17. 17. 17. 17. 17. 17. 17. 16. 16. 16. 16.
 16. 16.]
	 Queue Understanding : deque([16, 0, 17, 18, 19, 1, 2, 3, 4, 5, 6, 7, 8, 9, 10, 11, 12])
10:16: I'm 15 and finished 16 CS.
	 LN : [16. 16. 16. 16. 16. 16. 16. 16. 16. 16. 16. 16. 16. 16. 16. 15. 15. 15.
 15. 15.]
	 RN : [17. 17. 17. 17. 17. 17. 17. 17. 17. 17. 17. 17. 17. 17. 16. 16. 16. 16.
 16. 16.]
	 Queue Understanding : deque([16, 0, 17, 18, 19, 1, 2, 3, 4, 5, 6, 7, 8, 9, 10, 11, 12])
10:16: I'm 15 and it adds 13 to the queue. Queue after adding: deque([16, 0, 17, 18, 19, 1, 2, 3, 4, 5, 6, 7, 8, 9, 10, 11, 12, 13]).
	 LN : [16. 16. 16. 16. 16. 16. 16. 16. 16. 16. 16. 16. 16. 16. 16. 16. 15. 15.
 15. 15.]
	 RN : [17. 17. 17. 17. 17. 17. 17. 17. 17. 17. 17. 17. 17. 17. 16. 16. 16. 16.
 16. 16.]
	 Queue Understanding : deque([16, 0, 17, 18, 19, 1, 2, 3, 4, 5, 6, 7, 8, 9, 10, 11, 12, 13])
10:16: I'm 15 and sending the token to 16.
	 LN : [16. 16. 16. 16. 16. 16. 16. 16. 16. 16. 16. 16. 16. 16. 16. 16. 15. 15.
 15. 15.]
	 RN : [17. 17. 17. 17. 17. 17. 17. 17. 17. 17. 17. 17. 17. 17. 16. 16. 16. 16.
 16. 16.]
	 Queue Understanding : deque([0, 17, 18, 19, 1, 2, 3, 4, 5, 6, 7, 8, 9, 10, 11, 12, 13])
10:18: I'm 15 and want a token for the 17 time.
	 LN : [16. 16. 16. 16. 16. 16. 16. 16. 16. 16. 16. 16. 16. 16. 16. 16. 15. 15.
 15. 15.]
	 RN : [17. 17. 17. 17. 17. 17. 17. 17. 17. 17. 17. 17. 17. 17. 17. 17. 16. 16.
 16. 16.]
	 Queue Understanding : deque([0, 17, 18, 19, 1, 2, 3, 4, 5, 6, 7, 8, 9, 10, 11, 12, 13])
11:27: I'm 15 and I got a token.
	 LN : [16. 16. 16. 16. 16. 16. 16. 16. 16. 16. 16. 16. 16. 16. 16. 16. 15. 15.
 15. 15.]
	 RN : [18. 18. 18. 18. 18. 18. 18. 18. 18. 18. 18. 18. 18. 18. 17. 17. 17. 17.
 17. 17.]
	 Queue Understanding : deque([0, 17, 18, 19, 1, 2, 3, 4, 5, 6, 7, 8, 9, 10, 11, 12, 13])
11:27: I am 15 and execute 17 CS.
	 LN : [17. 17. 17. 17. 17. 17. 17. 17. 17. 17. 17. 17. 17. 17. 17. 16. 16. 16.
 16. 16.]
	 RN : [18. 18. 18. 18. 18. 18. 18. 18. 18. 18. 18. 18. 18. 18. 17. 17. 17. 17.
 17. 17.]
	 Queue Understanding : deque([16, 0, 17, 18, 19, 1, 2, 3, 4, 5, 6, 7, 8, 9, 10, 11, 12])
11:30: I'm 15 and finished 17 CS.
	 LN : [17. 17. 17. 17. 17. 17. 17. 17. 17. 17. 17. 17. 17. 17. 17. 16. 16. 16.
 16. 16.]
	 RN : [18. 18. 18. 18. 18. 18. 18. 18. 18. 18. 18. 18. 18. 18. 17. 17. 17. 17.
 17. 17.]
	 Queue Understanding : deque([16, 0, 17, 18, 19, 1, 2, 3, 4, 5, 6, 7, 8, 9, 10, 11, 12])
11:30: I'm 15 and it adds 13 to the queue. Queue after adding: deque([16, 0, 17, 18, 19, 1, 2, 3, 4, 5, 6, 7, 8, 9, 10, 11, 12, 13]).
	 LN : [17. 17. 17. 17. 17. 17. 17. 17. 17. 17. 17. 17. 17. 17. 17. 17. 16. 16.
 16. 16.]
	 RN : [18. 18. 18. 18. 18. 18. 18. 18. 18. 18. 18. 18. 18. 18. 17. 17. 17. 17.
 17. 17.]
	 Queue Understanding : deque([16, 0, 17, 18, 19, 1, 2, 3, 4, 5, 6, 7, 8, 9, 10, 11, 12, 13])
11:30: I'm 15 and sending the token to 16.
	 LN : [17. 17. 17. 17. 17. 17. 17. 17. 17. 17. 17. 17. 17. 17. 17. 17. 16. 16.
 16. 16.]
	 RN : [18. 18. 18. 18. 18. 18. 18. 18. 18. 18. 18. 18. 18. 18. 17. 17. 17. 17.
 17. 17.]
	 Queue Understanding : deque([0, 17, 18, 19, 1, 2, 3, 4, 5, 6, 7, 8, 9, 10, 11, 12, 13])
11:31: I'm 15 and want a token for the 18 time.
	 LN : [17. 17. 17. 17. 17. 17. 17. 17. 17. 17. 17. 17. 17. 17. 17. 17. 16. 16.
 16. 16.]
	 RN : [18. 18. 18. 18. 18. 18. 18. 18. 18. 18. 18. 18. 18. 18. 18. 18. 17. 17.
 17. 17.]
	 Queue Understanding : deque([0, 17, 18, 19, 1, 2, 3, 4, 5, 6, 7, 8, 9, 10, 11, 12, 13])
12:35: I'm 15 and I got a token.
	 LN : [17. 17. 17. 17. 17. 17. 17. 17. 17. 17. 17. 17. 17. 17. 17. 17. 16. 16.
 16. 16.]
	 RN : [19. 19. 19. 19. 19. 19. 19. 19. 19. 19. 19. 19. 19. 19. 18. 18. 18. 18.
 18. 18.]
	 Queue Understanding : deque([0, 17, 18, 19, 1, 2, 3, 4, 5, 6, 7, 8, 9, 10, 11, 12, 13])
12:35: I am 15 and execute 18 CS.
	 LN : [18. 18. 18. 18. 18. 18. 18. 18. 18. 18. 18. 18. 18. 18. 18. 17. 17. 17.
 17. 17.]
	 RN : [19. 19. 19. 19. 19. 19. 19. 19. 19. 19. 19. 19. 19. 19. 18. 18. 18. 18.
 18. 18.]
	 Queue Understanding : deque([16, 0, 17, 18, 19, 1, 2, 3, 4, 5, 6, 7, 8, 9, 10, 11, 12])
12:38: I'm 15 and finished 18 CS.
	 LN : [18. 18. 18. 18. 18. 18. 18. 18. 18. 18. 18. 18. 18. 18. 18. 17. 17. 17.
 17. 17.]
	 RN : [19. 19. 19. 19. 19. 19. 19. 19. 19. 19. 19. 19. 19. 19. 18. 18. 18. 18.
 18. 18.]
	 Queue Understanding : deque([16, 0, 17, 18, 19, 1, 2, 3, 4, 5, 6, 7, 8, 9, 10, 11, 12])
12:38: I'm 15 and it adds 13 to the queue. Queue after adding: deque([16, 0, 17, 18, 19, 1, 2, 3, 4, 5, 6, 7, 8, 9, 10, 11, 12, 13]).
	 LN : [18. 18. 18. 18. 18. 18. 18. 18. 18. 18. 18. 18. 18. 18. 18. 18. 17. 17.
 17. 17.]
	 RN : [19. 19. 19. 19. 19. 19. 19. 19. 19. 19. 19. 19. 19. 19. 18. 18. 18. 18.
 18. 18.]
	 Queue Understanding : deque([16, 0, 17, 18, 19, 1, 2, 3, 4, 5, 6, 7, 8, 9, 10, 11, 12, 13])
12:38: I'm 15 and sending the token to 16.
	 LN : [18. 18. 18. 18. 18. 18. 18. 18. 18. 18. 18. 18. 18. 18. 18. 18. 17. 17.
 17. 17.]
	 RN : [19. 19. 19. 19. 19. 19. 19. 19. 19. 19. 19. 19. 19. 19. 18. 18. 18. 18.
 18. 18.]
	 Queue Understanding : deque([0, 17, 18, 19, 1, 2, 3, 4, 5, 6, 7, 8, 9, 10, 11, 12, 13])
12:41: I'm 15 and want a token for the 19 time.
	 LN : [18. 18. 18. 18. 18. 18. 18. 18. 18. 18. 18. 18. 18. 18. 18. 18. 17. 17.
 17. 17.]
	 RN : [19. 19. 19. 19. 19. 19. 19. 19. 19. 19. 19. 19. 19. 19. 19. 19. 18. 18.
 18. 18.]
	 Queue Understanding : deque([0, 17, 18, 19, 1, 2, 3, 4, 5, 6, 7, 8, 9, 10, 11, 12, 13])
13:43: I'm 15 and I got a token.
	 LN : [18. 18. 18. 18. 18. 18. 18. 18. 18. 18. 18. 18. 18. 18. 18. 18. 17. 17.
 17. 17.]
	 RN : [20. 20. 20. 20. 20. 20. 20. 20. 20. 20. 20. 20. 20. 20. 19. 19. 19. 19.
 19. 19.]
	 Queue Understanding : deque([0, 17, 18, 19, 1, 2, 3, 4, 5, 6, 7, 8, 9, 10, 11, 12, 13])
13:43: I am 15 and execute 19 CS.
	 LN : [19. 19. 19. 19. 19. 19. 19. 19. 19. 19. 19. 19. 19. 19. 19. 18. 18. 18.
 18. 18.]
	 RN : [20. 20. 20. 20. 20. 20. 20. 20. 20. 20. 20. 20. 20. 20. 19. 19. 19. 19.
 19. 19.]
	 Queue Understanding : deque([16, 0, 17, 18, 19, 1, 2, 3, 4, 5, 6, 7, 8, 9, 10, 11])
13:46: I'm 15 and finished 19 CS.
	 LN : [19. 19. 19. 19. 19. 19. 19. 19. 19. 19. 19. 19. 19. 19. 19. 18. 18. 18.
 18. 18.]
	 RN : [20. 20. 20. 20. 20. 20. 20. 20. 20. 20. 20. 20. 20. 20. 19. 19. 19. 19.
 19. 19.]
	 Queue Understanding : deque([16, 0, 17, 18, 19, 1, 2, 3, 4, 5, 6, 7, 8, 9, 10, 11])
13:46: I'm 15 and it adds 12 to the queue. Queue after adding: deque([16, 0, 17, 18, 19, 1, 2, 3, 4, 5, 6, 7, 8, 9, 10, 11, 12]).
	 LN : [19. 19. 19. 19. 19. 19. 19. 19. 19. 19. 19. 19. 19. 19. 19. 19. 18. 18.
 18. 18.]
	 RN : [20. 20. 20. 20. 20. 20. 20. 20. 20. 20. 20. 20. 20. 20. 19. 19. 19. 19.
 19. 19.]
	 Queue Understanding : deque([16, 0, 17, 18, 19, 1, 2, 3, 4, 5, 6, 7, 8, 9, 10, 11, 12])
13:46: I'm 15 and it adds 13 to the queue. Queue after adding: deque([16, 0, 17, 18, 19, 1, 2, 3, 4, 5, 6, 7, 8, 9, 10, 11, 12, 13]).
	 LN : [19. 19. 19. 19. 19. 19. 19. 19. 19. 19. 19. 19. 19. 19. 19. 19. 18. 18.
 18. 18.]
	 RN : [20. 20. 20. 20. 20. 20. 20. 20. 20. 20. 20. 20. 20. 20. 19. 19. 19. 19.
 19. 19.]
	 Queue Understanding : deque([16, 0, 17, 18, 19, 1, 2, 3, 4, 5, 6, 7, 8, 9, 10, 11, 12, 13])
13:46: I'm 15 and sending the token to 16.
	 LN : [19. 19. 19. 19. 19. 19. 19. 19. 19. 19. 19. 19. 19. 19. 19. 19. 18. 18.
 18. 18.]
	 RN : [20. 20. 20. 20. 20. 20. 20. 20. 20. 20. 20. 20. 20. 20. 19. 19. 19. 19.
 19. 19.]
	 Queue Understanding : deque([0, 17, 18, 19, 1, 2, 3, 4, 5, 6, 7, 8, 9, 10, 11, 12, 13])
13:49: I'm 15 and want a token for the 20 time.
	 LN : [19. 19. 19. 19. 19. 19. 19. 19. 19. 19. 19. 19. 19. 19. 19. 19. 18. 18.
 18. 18.]
	 RN : [20. 20. 20. 20. 20. 20. 20. 20. 20. 20. 20. 20. 20. 20. 20. 20. 19. 19.
 19. 19.]
	 Queue Understanding : deque([0, 17, 18, 19, 1, 2, 3, 4, 5, 6, 7, 8, 9, 10, 11, 12, 13])
14:49: I'm 15 and I got a token.
	 LN : [19. 19. 19. 19. 19. 19. 19. 19. 19. 19. 19. 19. 19. 19. 19. 19. 18. 18.
 18. 18.]
	 RN : [21. 21. 21. 21. 21. 21. 21. 21. 21. 21. 21. 21. 21. 21. 20. 20. 20. 20.
 20. 20.]
	 Queue Understanding : deque([0, 17, 18, 19, 1, 2, 3, 4, 5, 6, 7, 8, 9, 10, 11, 12, 13])
14:49: I am 15 and execute 20 CS.
	 LN : [20. 20. 20. 20. 20. 20. 20. 20. 20. 20. 20. 20. 20. 20. 20. 19. 19. 19.
 19. 19.]
	 RN : [21. 21. 21. 21. 21. 21. 21. 21. 21. 21. 21. 21. 21. 21. 20. 20. 20. 20.
 20. 20.]
	 Queue Understanding : deque([16, 0, 17, 18, 19, 1, 2, 3, 4, 5, 6, 7, 8, 9, 10, 11, 12])
14:53: I'm 15 and finished 20 CS.
	 LN : [20. 20. 20. 20. 20. 20. 20. 20. 20. 20. 20. 20. 20. 20. 20. 19. 19. 19.
 19. 19.]
	 RN : [21. 21. 21. 21. 21. 21. 21. 21. 21. 21. 21. 21. 21. 21. 20. 20. 20. 20.
 20. 20.]
	 Queue Understanding : deque([16, 0, 17, 18, 19, 1, 2, 3, 4, 5, 6, 7, 8, 9, 10, 11, 12])
14:53: I'm 15 and it adds 13 to the queue. Queue after adding: deque([16, 0, 17, 18, 19, 1, 2, 3, 4, 5, 6, 7, 8, 9, 10, 11, 12, 13]).
	 LN : [20. 20. 20. 20. 20. 20. 20. 20. 20. 20. 20. 20. 20. 20. 20. 20. 19. 19.
 19. 19.]
	 RN : [21. 21. 21. 21. 21. 21. 21. 21. 21. 21. 21. 21. 21. 21. 20. 20. 20. 20.
 20. 20.]
	 Queue Understanding : deque([16, 0, 17, 18, 19, 1, 2, 3, 4, 5, 6, 7, 8, 9, 10, 11, 12, 13])
14:53: I'm 15 and sending the token to 16.
	 LN : [20. 20. 20. 20. 20. 20. 20. 20. 20. 20. 20. 20. 20. 20. 20. 20. 19. 19.
 19. 19.]
	 RN : [21. 21. 21. 21. 21. 21. 21. 21. 21. 21. 21. 21. 21. 21. 20. 20. 20. 20.
 20. 20.]
	 Queue Understanding : deque([0, 17, 18, 19, 1, 2, 3, 4, 5, 6, 7, 8, 9, 10, 11, 12, 13])
14:55: I'm 15 and want a token for the 21 time.
	 LN : [20. 20. 20. 20. 20. 20. 20. 20. 20. 20. 20. 20. 20. 20. 20. 20. 19. 19.
 19. 19.]
	 RN : [21. 21. 21. 21. 21. 21. 21. 21. 21. 21. 21. 21. 21. 21. 21. 21. 20. 20.
 20. 20.]
	 Queue Understanding : deque([0, 17, 18, 19, 1, 2, 3, 4, 5, 6, 7, 8, 9, 10, 11, 12, 13])
15:56: I'm 15 and I got a token.
	 LN : [20. 20. 20. 20. 20. 20. 20. 20. 20. 20. 20. 20. 20. 20. 20. 20. 19. 19.
 19. 19.]
	 RN : [22. 22. 22. 22. 22. 22. 22. 22. 22. 22. 22. 22. 22. 22. 21. 21. 21. 21.
 21. 21.]
	 Queue Understanding : deque([0, 17, 18, 19, 1, 2, 3, 4, 5, 6, 7, 8, 9, 10, 11, 12, 13])
15:56: I am 15 and execute 21 CS.
	 LN : [21. 21. 21. 21. 21. 21. 21. 21. 21. 21. 21. 21. 21. 21. 21. 20. 20. 20.
 20. 20.]
	 RN : [22. 22. 22. 22. 22. 22. 22. 22. 22. 22. 22. 22. 22. 22. 21. 21. 21. 21.
 21. 21.]
	 Queue Understanding : deque([16, 0, 17, 18, 19, 1, 2, 3, 4, 5, 6, 7, 8, 9, 10, 11, 12])
16:00: I'm 15 and finished 21 CS.
	 LN : [21. 21. 21. 21. 21. 21. 21. 21. 21. 21. 21. 21. 21. 21. 21. 20. 20. 20.
 20. 20.]
	 RN : [22. 22. 22. 22. 22. 22. 22. 22. 22. 22. 22. 22. 22. 22. 21. 21. 21. 21.
 21. 21.]
	 Queue Understanding : deque([16, 0, 17, 18, 19, 1, 2, 3, 4, 5, 6, 7, 8, 9, 10, 11, 12])
16:00: I'm 15 and it adds 13 to the queue. Queue after adding: deque([16, 0, 17, 18, 19, 1, 2, 3, 4, 5, 6, 7, 8, 9, 10, 11, 12, 13]).
	 LN : [21. 21. 21. 21. 21. 21. 21. 21. 21. 21. 21. 21. 21. 21. 21. 21. 20. 20.
 20. 20.]
	 RN : [22. 22. 22. 22. 22. 22. 22. 22. 22. 22. 22. 22. 22. 22. 21. 21. 21. 21.
 21. 21.]
	 Queue Understanding : deque([16, 0, 17, 18, 19, 1, 2, 3, 4, 5, 6, 7, 8, 9, 10, 11, 12, 13])
16:00: I'm 15 and sending the token to 16.
	 LN : [21. 21. 21. 21. 21. 21. 21. 21. 21. 21. 21. 21. 21. 21. 21. 21. 20. 20.
 20. 20.]
	 RN : [22. 22. 22. 22. 22. 22. 22. 22. 22. 22. 22. 22. 22. 22. 21. 21. 21. 21.
 21. 21.]
	 Queue Understanding : deque([0, 17, 18, 19, 1, 2, 3, 4, 5, 6, 7, 8, 9, 10, 11, 12, 13])
16:02: I'm 15 and want a token for the 22 time.
	 LN : [21. 21. 21. 21. 21. 21. 21. 21. 21. 21. 21. 21. 21. 21. 21. 21. 20. 20.
 20. 20.]
	 RN : [22. 22. 22. 22. 22. 22. 22. 22. 22. 22. 22. 22. 22. 22. 22. 22. 21. 21.
 21. 21.]
	 Queue Understanding : deque([0, 17, 18, 19, 1, 2, 3, 4, 5, 6, 7, 8, 9, 10, 11, 12, 13])
17:01: I'm 15 and I got a token.
	 LN : [21. 21. 21. 21. 21. 21. 21. 21. 21. 21. 21. 21. 21. 21. 21. 21. 20. 20.
 20. 20.]
	 RN : [23. 23. 23. 23. 23. 23. 23. 23. 23. 23. 23. 23. 23. 23. 22. 22. 22. 22.
 22. 22.]
	 Queue Understanding : deque([0, 17, 18, 19, 1, 2, 3, 4, 5, 6, 7, 8, 9, 10, 11, 12, 13])
17:01: I am 15 and execute 22 CS.
	 LN : [22. 22. 22. 22. 22. 22. 22. 22. 22. 22. 22. 22. 22. 22. 22. 21. 21. 21.
 21. 21.]
	 RN : [23. 23. 23. 23. 23. 23. 23. 23. 23. 23. 23. 23. 23. 23. 22. 22. 22. 22.
 22. 22.]
	 Queue Understanding : deque([16, 0, 17, 18, 19, 1, 2, 3, 4, 5, 6, 7, 8, 9, 10, 11, 12])
17:05: I'm 15 and finished 22 CS.
	 LN : [22. 22. 22. 22. 22. 22. 22. 22. 22. 22. 22. 22. 22. 22. 22. 21. 21. 21.
 21. 21.]
	 RN : [23. 23. 23. 23. 23. 23. 23. 23. 23. 23. 23. 23. 23. 23. 22. 22. 22. 22.
 22. 22.]
	 Queue Understanding : deque([16, 0, 17, 18, 19, 1, 2, 3, 4, 5, 6, 7, 8, 9, 10, 11, 12])
17:05: I'm 15 and it adds 13 to the queue. Queue after adding: deque([16, 0, 17, 18, 19, 1, 2, 3, 4, 5, 6, 7, 8, 9, 10, 11, 12, 13]).
	 LN : [22. 22. 22. 22. 22. 22. 22. 22. 22. 22. 22. 22. 22. 22. 22. 22. 21. 21.
 21. 21.]
	 RN : [23. 23. 23. 23. 23. 23. 23. 23. 23. 23. 23. 23. 23. 23. 22. 22. 22. 22.
 22. 22.]
	 Queue Understanding : deque([16, 0, 17, 18, 19, 1, 2, 3, 4, 5, 6, 7, 8, 9, 10, 11, 12, 13])
17:05: I'm 15 and sending the token to 16.
	 LN : [22. 22. 22. 22. 22. 22. 22. 22. 22. 22. 22. 22. 22. 22. 22. 22. 21. 21.
 21. 21.]
	 RN : [23. 23. 23. 23. 23. 23. 23. 23. 23. 23. 23. 23. 23. 23. 22. 22. 22. 22.
 22. 22.]
	 Queue Understanding : deque([0, 17, 18, 19, 1, 2, 3, 4, 5, 6, 7, 8, 9, 10, 11, 12, 13])
17:06: I'm 15 and want a token for the 23 time.
	 LN : [22. 22. 22. 22. 22. 22. 22. 22. 22. 22. 22. 22. 22. 22. 22. 22. 21. 21.
 21. 21.]
	 RN : [23. 23. 23. 23. 23. 23. 23. 23. 23. 23. 23. 23. 23. 23. 23. 23. 22. 22.
 22. 22.]
	 Queue Understanding : deque([0, 17, 18, 19, 1, 2, 3, 4, 5, 6, 7, 8, 9, 10, 11, 12, 13])
18:11: I'm 15 and I got a token.
	 LN : [22. 22. 22. 22. 22. 22. 22. 22. 22. 22. 22. 22. 22. 22. 22. 22. 21. 21.
 21. 21.]
	 RN : [24. 24. 24. 24. 24. 24. 24. 24. 24. 24. 24. 24. 24. 24. 23. 23. 23. 23.
 23. 23.]
	 Queue Understanding : deque([0, 17, 18, 19, 1, 2, 3, 4, 5, 6, 7, 8, 9, 10, 11, 12, 13])
18:11: I am 15 and execute 23 CS.
	 LN : [23. 23. 23. 23. 23. 23. 23. 23. 23. 23. 23. 23. 23. 23. 23. 22. 22. 22.
 22. 22.]
	 RN : [24. 24. 24. 24. 24. 24. 24. 24. 24. 24. 24. 24. 24. 24. 23. 23. 23. 23.
 23. 23.]
	 Queue Understanding : deque([16, 0, 17, 18, 19, 1, 2, 3, 4, 5, 6, 7, 8, 9, 10, 11, 12])
18:15: I'm 15 and finished 23 CS.
	 LN : [23. 23. 23. 23. 23. 23. 23. 23. 23. 23. 23. 23. 23. 23. 23. 22. 22. 22.
 22. 22.]
	 RN : [24. 24. 24. 24. 24. 24. 24. 24. 24. 24. 24. 24. 24. 24. 23. 23. 23. 23.
 23. 23.]
	 Queue Understanding : deque([16, 0, 17, 18, 19, 1, 2, 3, 4, 5, 6, 7, 8, 9, 10, 11, 12])
18:15: I'm 15 and it adds 13 to the queue. Queue after adding: deque([16, 0, 17, 18, 19, 1, 2, 3, 4, 5, 6, 7, 8, 9, 10, 11, 12, 13]).
	 LN : [23. 23. 23. 23. 23. 23. 23. 23. 23. 23. 23. 23. 23. 23. 23. 23. 22. 22.
 22. 22.]
	 RN : [24. 24. 24. 24. 24. 24. 24. 24. 24. 24. 24. 24. 24. 24. 23. 23. 23. 23.
 23. 23.]
	 Queue Understanding : deque([16, 0, 17, 18, 19, 1, 2, 3, 4, 5, 6, 7, 8, 9, 10, 11, 12, 13])
18:15: I'm 15 and sending the token to 16.
	 LN : [23. 23. 23. 23. 23. 23. 23. 23. 23. 23. 23. 23. 23. 23. 23. 23. 22. 22.
 22. 22.]
	 RN : [24. 24. 24. 24. 24. 24. 24. 24. 24. 24. 24. 24. 24. 24. 23. 23. 23. 23.
 23. 23.]
	 Queue Understanding : deque([0, 17, 18, 19, 1, 2, 3, 4, 5, 6, 7, 8, 9, 10, 11, 12, 13])
18:16: I'm 15 and want a token for the 24 time.
	 LN : [23. 23. 23. 23. 23. 23. 23. 23. 23. 23. 23. 23. 23. 23. 23. 23. 22. 22.
 22. 22.]
	 RN : [24. 24. 24. 24. 24. 24. 24. 24. 24. 24. 24. 24. 24. 24. 24. 24. 23. 23.
 23. 23.]
	 Queue Understanding : deque([0, 17, 18, 19, 1, 2, 3, 4, 5, 6, 7, 8, 9, 10, 11, 12, 13])
19:26: I'm 15 and I got a token.
	 LN : [23. 23. 23. 23. 23. 23. 23. 23. 23. 23. 23. 23. 23. 23. 23. 23. 22. 22.
 22. 22.]
	 RN : [25. 25. 25. 25. 25. 25. 25. 25. 25. 25. 25. 25. 25. 25. 24. 24. 24. 24.
 24. 24.]
	 Queue Understanding : deque([0, 17, 18, 19, 1, 2, 3, 4, 5, 6, 7, 8, 9, 10, 11, 12, 13])
19:26: I am 15 and execute 24 CS.
	 LN : [24. 24. 24. 24. 24. 24. 24. 24. 24. 24. 24. 24. 24. 24. 24. 23. 23. 23.
 23. 23.]
	 RN : [25. 25. 25. 25. 25. 25. 25. 25. 25. 25. 25. 25. 25. 25. 24. 24. 24. 24.
 24. 24.]
	 Queue Understanding : deque([16, 0, 17, 18, 1, 19, 2, 3, 4, 5, 6, 7, 8, 9, 10, 11, 12])
19:28: I'm 15 and finished 24 CS.
	 LN : [24. 24. 24. 24. 24. 24. 24. 24. 24. 24. 24. 24. 24. 24. 24. 23. 23. 23.
 23. 23.]
	 RN : [25. 25. 25. 25. 25. 25. 25. 25. 25. 25. 25. 25. 25. 25. 24. 24. 24. 24.
 24. 24.]
	 Queue Understanding : deque([16, 0, 17, 18, 1, 19, 2, 3, 4, 5, 6, 7, 8, 9, 10, 11, 12])
19:28: I'm 15 and it adds 13 to the queue. Queue after adding: deque([16, 0, 17, 18, 1, 19, 2, 3, 4, 5, 6, 7, 8, 9, 10, 11, 12, 13]).
	 LN : [24. 24. 24. 24. 24. 24. 24. 24. 24. 24. 24. 24. 24. 24. 24. 24. 23. 23.
 23. 23.]
	 RN : [25. 25. 25. 25. 25. 25. 25. 25. 25. 25. 25. 25. 25. 25. 24. 24. 24. 24.
 24. 24.]
	 Queue Understanding : deque([16, 0, 17, 18, 1, 19, 2, 3, 4, 5, 6, 7, 8, 9, 10, 11, 12, 13])
19:28: I'm 15 and sending the token to 16.
	 LN : [24. 24. 24. 24. 24. 24. 24. 24. 24. 24. 24. 24. 24. 24. 24. 24. 23. 23.
 23. 23.]
	 RN : [25. 25. 25. 25. 25. 25. 25. 25. 25. 25. 25. 25. 25. 25. 24. 24. 24. 24.
 24. 24.]
	 Queue Understanding : deque([0, 17, 18, 1, 19, 2, 3, 4, 5, 6, 7, 8, 9, 10, 11, 12, 13])
19:30: I'm 15 and want a token for the 25 time.
	 LN : [24. 24. 24. 24. 24. 24. 24. 24. 24. 24. 24. 24. 24. 24. 24. 24. 23. 23.
 23. 23.]
	 RN : [25. 25. 25. 25. 25. 25. 25. 25. 25. 25. 25. 25. 25. 25. 25. 25. 24. 24.
 24. 24.]
	 Queue Understanding : deque([0, 17, 18, 1, 19, 2, 3, 4, 5, 6, 7, 8, 9, 10, 11, 12, 13])
20:33: I'm 15 and I got a token.
	 LN : [24. 24. 24. 24. 24. 24. 24. 24. 24. 24. 24. 24. 24. 24. 24. 24. 23. 23.
 23. 23.]
	 RN : [26. 26. 26. 26. 26. 26. 26. 26. 26. 26. 26. 26. 26. 25. 25. 25. 25. 25.
 25. 25.]
	 Queue Understanding : deque([0, 17, 18, 1, 19, 2, 3, 4, 5, 6, 7, 8, 9, 10, 11, 12, 13])
20:33: I am 15 and execute 25 CS.
	 LN : [25. 25. 25. 25. 25. 25. 25. 25. 25. 25. 25. 25. 25. 25. 25. 24. 24. 24.
 24. 24.]
	 RN : [26. 26. 26. 26. 26. 26. 26. 26. 26. 26. 26. 26. 26. 25. 25. 25. 25. 25.
 25. 25.]
	 Queue Understanding : deque([16, 0, 17, 1, 18, 19, 2, 3, 4, 5, 6, 7, 8, 9, 10, 11, 12])
20:36: I'm 15 and finished 25 CS.
	 LN : [25. 25. 25. 25. 25. 25. 25. 25. 25. 25. 25. 25. 25. 25. 25. 24. 24. 24.
 24. 24.]
	 RN : [26. 26. 26. 26. 26. 26. 26. 26. 26. 26. 26. 26. 26. 25. 25. 25. 25. 25.
 25. 25.]
	 Queue Understanding : deque([16, 0, 17, 1, 18, 19, 2, 3, 4, 5, 6, 7, 8, 9, 10, 11, 12])
20:36: I'm 15 and sending the token to 16.
	 LN : [25. 25. 25. 25. 25. 25. 25. 25. 25. 25. 25. 25. 25. 25. 25. 25. 24. 24.
 24. 24.]
	 RN : [26. 26. 26. 26. 26. 26. 26. 26. 26. 26. 26. 26. 26. 25. 25. 25. 25. 25.
 25. 25.]
	 Queue Understanding : deque([0, 17, 1, 18, 19, 2, 3, 4, 5, 6, 7, 8, 9, 10, 11, 12])
20:38: I'm 15 and want a token for the 26 time.
	 LN : [25. 25. 25. 25. 25. 25. 25. 25. 25. 25. 25. 25. 25. 25. 25. 25. 24. 24.
 24. 24.]
	 RN : [26. 26. 26. 26. 26. 26. 26. 26. 26. 26. 26. 26. 26. 26. 26. 26. 25. 25.
 25. 25.]
	 Queue Understanding : deque([0, 17, 1, 18, 19, 2, 3, 4, 5, 6, 7, 8, 9, 10, 11, 12])
21:40: I'm 15 and I got a token.
	 LN : [25. 25. 25. 25. 25. 25. 25. 25. 25. 25. 25. 25. 25. 25. 25. 25. 24. 24.
 24. 24.]
	 RN : [27. 27. 27. 27. 27. 27. 27. 27. 27. 27. 27. 27. 27. 26. 26. 26. 26. 26.
 26. 26.]
	 Queue Understanding : deque([0, 17, 1, 18, 19, 2, 3, 4, 5, 6, 7, 8, 9, 10, 11, 12])
21:40: I am 15 and execute 26 CS.
	 LN : [26. 26. 26. 26. 26. 26. 26. 26. 26. 26. 26. 26. 26. 26. 26. 25. 25. 25.
 25. 25.]
	 RN : [27. 27. 27. 27. 27. 27. 27. 27. 27. 27. 27. 27. 27. 26. 26. 26. 26. 26.
 26. 26.]
	 Queue Understanding : deque([0, 16, 1, 17, 18, 19, 2, 3, 4, 5, 6, 7, 8, 9, 10, 11, 12])
21:43: I'm 15 and finished 26 CS.
	 LN : [26. 26. 26. 26. 26. 26. 26. 26. 26. 26. 26. 26. 26. 26. 26. 25. 25. 25.
 25. 25.]
	 RN : [27. 27. 27. 27. 27. 27. 27. 27. 27. 27. 27. 27. 27. 26. 26. 26. 26. 26.
 26. 26.]
	 Queue Understanding : deque([0, 16, 1, 17, 18, 19, 2, 3, 4, 5, 6, 7, 8, 9, 10, 11, 12])
21:43: I'm 15 and sending the token to 0.
	 LN : [26. 26. 26. 26. 26. 26. 26. 26. 26. 26. 26. 26. 26. 26. 26. 26. 25. 25.
 25. 25.]
	 RN : [27. 27. 27. 27. 27. 27. 27. 27. 27. 27. 27. 27. 27. 26. 26. 26. 26. 26.
 26. 26.]
	 Queue Understanding : deque([16, 1, 17, 18, 19, 2, 3, 4, 5, 6, 7, 8, 9, 10, 11, 12])
21:45: I'm 15 and want a token for the 27 time.
	 LN : [26. 26. 26. 26. 26. 26. 26. 26. 26. 26. 26. 26. 26. 26. 26. 26. 25. 25.
 25. 25.]
	 RN : [27. 27. 27. 27. 27. 27. 27. 27. 27. 27. 27. 27. 27. 27. 27. 27. 26. 26.
 26. 26.]
	 Queue Understanding : deque([16, 1, 17, 18, 19, 2, 3, 4, 5, 6, 7, 8, 9, 10, 11, 12])
22:51: I'm 15 and I got a token.
	 LN : [26. 26. 26. 26. 26. 26. 26. 26. 26. 26. 26. 26. 26. 26. 26. 26. 25. 25.
 25. 25.]
	 RN : [28. 28. 28. 28. 28. 28. 28. 28. 28. 28. 28. 28. 28. 28. 27. 27. 27. 27.
 27. 27.]
	 Queue Understanding : deque([16, 1, 17, 18, 19, 2, 3, 4, 5, 6, 7, 8, 9, 10, 11, 12])
22:51: I am 15 and execute 27 CS.
	 LN : [27. 27. 27. 27. 27. 27. 27. 27. 27. 27. 27. 27. 27. 27. 27. 26. 26. 26.
 26. 26.]
	 RN : [28. 28. 28. 28. 28. 28. 28. 28. 28. 28. 28. 28. 28. 28. 27. 27. 27. 27.
 27. 27.]
	 Queue Understanding : deque([0, 16, 1, 17, 18, 19, 2, 3, 4, 5, 6, 7, 8, 9, 10, 11, 12])
22:53: I'm 15 and finished 27 CS.
	 LN : [27. 27. 27. 27. 27. 27. 27. 27. 27. 27. 27. 27. 27. 27. 27. 26. 26. 26.
 26. 26.]
	 RN : [28. 28. 28. 28. 28. 28. 28. 28. 28. 28. 28. 28. 28. 28. 27. 27. 27. 27.
 27. 27.]
	 Queue Understanding : deque([0, 16, 1, 17, 18, 19, 2, 3, 4, 5, 6, 7, 8, 9, 10, 11, 12])
22:53: I'm 15 and it adds 13 to the queue. Queue after adding: deque([0, 16, 1, 17, 18, 19, 2, 3, 4, 5, 6, 7, 8, 9, 10, 11, 12, 13]).
	 LN : [27. 27. 27. 27. 27. 27. 27. 27. 27. 27. 27. 27. 27. 27. 27. 27. 26. 26.
 26. 26.]
	 RN : [28. 28. 28. 28. 28. 28. 28. 28. 28. 28. 28. 28. 28. 28. 27. 27. 27. 27.
 27. 27.]
	 Queue Understanding : deque([0, 16, 1, 17, 18, 19, 2, 3, 4, 5, 6, 7, 8, 9, 10, 11, 12, 13])
22:53: I'm 15 and sending the token to 0.
	 LN : [27. 27. 27. 27. 27. 27. 27. 27. 27. 27. 27. 27. 27. 27. 27. 27. 26. 26.
 26. 26.]
	 RN : [28. 28. 28. 28. 28. 28. 28. 28. 28. 28. 28. 28. 28. 28. 27. 27. 27. 27.
 27. 27.]
	 Queue Understanding : deque([16, 1, 17, 18, 19, 2, 3, 4, 5, 6, 7, 8, 9, 10, 11, 12, 13])
22:55: I'm 15 and want a token for the 28 time.
	 LN : [27. 27. 27. 27. 27. 27. 27. 27. 27. 27. 27. 27. 27. 27. 27. 27. 26. 26.
 26. 26.]
	 RN : [28. 28. 28. 28. 28. 28. 28. 28. 28. 28. 28. 28. 28. 28. 28. 28. 27. 27.
 27. 27.]
	 Queue Understanding : deque([16, 1, 17, 18, 19, 2, 3, 4, 5, 6, 7, 8, 9, 10, 11, 12, 13])
24:06: I'm 15 and I got a token.
	 LN : [27. 27. 27. 27. 27. 27. 27. 27. 27. 27. 27. 27. 27. 27. 27. 27. 26. 26.
 26. 26.]
	 RN : [29. 29. 29. 29. 29. 29. 29. 29. 29. 29. 29. 29. 29. 29. 28. 28. 28. 28.
 28. 28.]
	 Queue Understanding : deque([16, 1, 17, 18, 19, 2, 3, 4, 5, 6, 7, 8, 9, 10, 11, 12, 13])
24:06: I am 15 and execute 28 CS.
	 LN : [28. 28. 28. 28. 28. 28. 28. 28. 28. 28. 28. 28. 28. 28. 28. 27. 27. 27.
 27. 27.]
	 RN : [29. 29. 29. 29. 29. 29. 29. 29. 29. 29. 29. 29. 29. 29. 28. 28. 28. 28.
 28. 28.]
	 Queue Understanding : deque([0, 16, 1, 17, 18, 19, 2, 3, 4, 5, 6, 7, 8, 9, 10, 11, 12])
24:08: I'm 15 and finished 28 CS.
	 LN : [28. 28. 28. 28. 28. 28. 28. 28. 28. 28. 28. 28. 28. 28. 28. 27. 27. 27.
 27. 27.]
	 RN : [29. 29. 29. 29. 29. 29. 29. 29. 29. 29. 29. 29. 29. 29. 28. 28. 28. 28.
 28. 28.]
	 Queue Understanding : deque([0, 16, 1, 17, 18, 19, 2, 3, 4, 5, 6, 7, 8, 9, 10, 11, 12])
24:08: I'm 15 and it adds 13 to the queue. Queue after adding: deque([0, 16, 1, 17, 18, 19, 2, 3, 4, 5, 6, 7, 8, 9, 10, 11, 12, 13]).
	 LN : [28. 28. 28. 28. 28. 28. 28. 28. 28. 28. 28. 28. 28. 28. 28. 28. 27. 27.
 27. 27.]
	 RN : [29. 29. 29. 29. 29. 29. 29. 29. 29. 29. 29. 29. 29. 29. 28. 28. 28. 28.
 28. 28.]
	 Queue Understanding : deque([0, 16, 1, 17, 18, 19, 2, 3, 4, 5, 6, 7, 8, 9, 10, 11, 12, 13])
24:08: I'm 15 and sending the token to 0.
	 LN : [28. 28. 28. 28. 28. 28. 28. 28. 28. 28. 28. 28. 28. 28. 28. 28. 27. 27.
 27. 27.]
	 RN : [29. 29. 29. 29. 29. 29. 29. 29. 29. 29. 29. 29. 29. 29. 28. 28. 28. 28.
 28. 28.]
	 Queue Understanding : deque([16, 1, 17, 18, 19, 2, 3, 4, 5, 6, 7, 8, 9, 10, 11, 12, 13])
24:09: I'm 15 and want a token for the 29 time.
	 LN : [28. 28. 28. 28. 28. 28. 28. 28. 28. 28. 28. 28. 28. 28. 28. 28. 27. 27.
 27. 27.]
	 RN : [29. 29. 29. 29. 29. 29. 29. 29. 29. 29. 29. 29. 29. 29. 29. 29. 28. 28.
 28. 28.]
	 Queue Understanding : deque([16, 1, 17, 18, 19, 2, 3, 4, 5, 6, 7, 8, 9, 10, 11, 12, 13])
