51:22: I'm 19 and want a token for the 1 time.
	 LN : [0. 0. 0. 0. 0. 0. 0. 0. 0. 0. 0. 0. 0. 0. 0. 0. 0. 0. 0. 0.]
	 RN : [1. 0. 0. 0. 0. 0. 0. 0. 0. 0. 0. 0. 0. 0. 0. 0. 0. 0. 0. 1.]
	 Queue Understanding : deque([])
52:28: I'm 19 and I got a token.
	 LN : [0. 0. 0. 0. 0. 0. 0. 0. 0. 0. 0. 0. 0. 0. 0. 0. 0. 0. 0. 0.]
	 RN : [2. 2. 2. 2. 2. 2. 2. 2. 2. 2. 2. 2. 2. 2. 2. 2. 2. 2. 1. 1.]
	 Queue Understanding : deque([])
52:28: I am 19 and execute 1 CS.
	 LN : [1. 1. 1. 1. 1. 1. 1. 1. 1. 1. 1. 1. 1. 1. 1. 1. 1. 1. 1. 0.]
	 RN : [2. 2. 2. 2. 2. 2. 2. 2. 2. 2. 2. 2. 2. 2. 2. 2. 2. 2. 1. 1.]
	 Queue Understanding : deque([0, 1, 2, 3, 4, 5, 6, 7, 8, 9, 10, 11, 12, 13, 14, 15])
52:30: I'm 19 and finished 1 CS.
	 LN : [1. 1. 1. 1. 1. 1. 1. 1. 1. 1. 1. 1. 1. 1. 1. 1. 1. 1. 1. 0.]
	 RN : [2. 2. 2. 2. 2. 2. 2. 2. 2. 2. 2. 2. 2. 2. 2. 2. 2. 2. 1. 1.]
	 Queue Understanding : deque([0, 1, 2, 3, 4, 5, 6, 7, 8, 9, 10, 11, 12, 13, 14, 15])
52:30: I'm 19 and it adds 16 to the queue. Queue after adding: deque([0, 1, 2, 3, 4, 5, 6, 7, 8, 9, 10, 11, 12, 13, 14, 15, 16]).
	 LN : [1. 1. 1. 1. 1. 1. 1. 1. 1. 1. 1. 1. 1. 1. 1. 1. 1. 1. 1. 1.]
	 RN : [2. 2. 2. 2. 2. 2. 2. 2. 2. 2. 2. 2. 2. 2. 2. 2. 2. 2. 1. 1.]
	 Queue Understanding : deque([0, 1, 2, 3, 4, 5, 6, 7, 8, 9, 10, 11, 12, 13, 14, 15, 16])
52:30: I'm 19 and it adds 17 to the queue. Queue after adding: deque([0, 1, 2, 3, 4, 5, 6, 7, 8, 9, 10, 11, 12, 13, 14, 15, 16, 17]).
	 LN : [1. 1. 1. 1. 1. 1. 1. 1. 1. 1. 1. 1. 1. 1. 1. 1. 1. 1. 1. 1.]
	 RN : [2. 2. 2. 2. 2. 2. 2. 2. 2. 2. 2. 2. 2. 2. 2. 2. 2. 2. 1. 1.]
	 Queue Understanding : deque([0, 1, 2, 3, 4, 5, 6, 7, 8, 9, 10, 11, 12, 13, 14, 15, 16, 17])
52:30: I'm 19 and sending the token to 0.
	 LN : [1. 1. 1. 1. 1. 1. 1. 1. 1. 1. 1. 1. 1. 1. 1. 1. 1. 1. 1. 1.]
	 RN : [2. 2. 2. 2. 2. 2. 2. 2. 2. 2. 2. 2. 2. 2. 2. 2. 2. 2. 1. 1.]
	 Queue Understanding : deque([1, 2, 3, 4, 5, 6, 7, 8, 9, 10, 11, 12, 13, 14, 15, 16, 17])
52:33: I'm 19 and want a token for the 2 time.
	 LN : [1. 1. 1. 1. 1. 1. 1. 1. 1. 1. 1. 1. 1. 1. 1. 1. 1. 1. 1. 1.]
	 RN : [2. 2. 2. 2. 2. 2. 2. 2. 2. 2. 2. 2. 2. 2. 2. 2. 2. 2. 2. 2.]
	 Queue Understanding : deque([1, 2, 3, 4, 5, 6, 7, 8, 9, 10, 11, 12, 13, 14, 15, 16, 17])
53:37: I'm 19 and I got a token.
	 LN : [1. 1. 1. 1. 1. 1. 1. 1. 1. 1. 1. 1. 1. 1. 1. 1. 1. 1. 1. 1.]
	 RN : [3. 3. 3. 3. 3. 3. 3. 3. 3. 3. 3. 3. 3. 3. 3. 3. 3. 2. 2. 2.]
	 Queue Understanding : deque([1, 2, 3, 4, 5, 6, 7, 8, 9, 10, 11, 12, 13, 14, 15, 16, 17])
53:37: I am 19 and execute 2 CS.
	 LN : [2. 2. 2. 2. 2. 2. 2. 2. 2. 2. 2. 2. 2. 2. 2. 2. 2. 2. 2. 1.]
	 RN : [3. 3. 3. 3. 3. 3. 3. 3. 3. 3. 3. 3. 3. 3. 3. 3. 3. 2. 2. 2.]
	 Queue Understanding : deque([0, 1, 2, 3, 4, 5, 6, 7, 8, 9, 10, 11, 12, 13, 14, 15, 16])
53:39: I'm 19 and finished 2 CS.
	 LN : [2. 2. 2. 2. 2. 2. 2. 2. 2. 2. 2. 2. 2. 2. 2. 2. 2. 2. 2. 1.]
	 RN : [3. 3. 3. 3. 3. 3. 3. 3. 3. 3. 3. 3. 3. 3. 3. 3. 3. 2. 2. 2.]
	 Queue Understanding : deque([0, 1, 2, 3, 4, 5, 6, 7, 8, 9, 10, 11, 12, 13, 14, 15, 16])
53:39: I'm 19 and sending the token to 0.
	 LN : [2. 2. 2. 2. 2. 2. 2. 2. 2. 2. 2. 2. 2. 2. 2. 2. 2. 2. 2. 2.]
	 RN : [3. 3. 3. 3. 3. 3. 3. 3. 3. 3. 3. 3. 3. 3. 3. 3. 3. 2. 2. 2.]
	 Queue Understanding : deque([1, 2, 3, 4, 5, 6, 7, 8, 9, 10, 11, 12, 13, 14, 15, 16])
53:40: I'm 19 and want a token for the 3 time.
	 LN : [2. 2. 2. 2. 2. 2. 2. 2. 2. 2. 2. 2. 2. 2. 2. 2. 2. 2. 2. 2.]
	 RN : [3. 3. 3. 3. 3. 3. 3. 3. 3. 3. 3. 3. 3. 3. 3. 3. 3. 3. 3. 3.]
	 Queue Understanding : deque([1, 2, 3, 4, 5, 6, 7, 8, 9, 10, 11, 12, 13, 14, 15, 16])
54:48: I'm 19 and I got a token.
	 LN : [2. 2. 2. 2. 2. 2. 2. 2. 2. 2. 2. 2. 2. 2. 2. 2. 2. 2. 2. 2.]
	 RN : [4. 4. 4. 4. 4. 4. 4. 4. 4. 4. 4. 4. 4. 4. 4. 4. 4. 4. 3. 3.]
	 Queue Understanding : deque([1, 2, 3, 4, 5, 6, 7, 8, 9, 10, 11, 12, 13, 14, 15, 16])
54:48: I am 19 and execute 3 CS.
	 LN : [3. 3. 3. 3. 3. 3. 3. 3. 3. 3. 3. 3. 3. 3. 3. 3. 3. 3. 3. 2.]
	 RN : [4. 4. 4. 4. 4. 4. 4. 4. 4. 4. 4. 4. 4. 4. 4. 4. 4. 4. 3. 3.]
	 Queue Understanding : deque([0, 1, 2, 3, 4, 5, 6, 7, 8, 9, 10, 11, 12, 13, 14, 15])
54:53: I'm 19 and finished 3 CS.
	 LN : [3. 3. 3. 3. 3. 3. 3. 3. 3. 3. 3. 3. 3. 3. 3. 3. 3. 3. 3. 2.]
	 RN : [4. 4. 4. 4. 4. 4. 4. 4. 4. 4. 4. 4. 4. 4. 4. 4. 4. 4. 3. 3.]
	 Queue Understanding : deque([0, 1, 2, 3, 4, 5, 6, 7, 8, 9, 10, 11, 12, 13, 14, 15])
54:53: I'm 19 and it adds 16 to the queue. Queue after adding: deque([0, 1, 2, 3, 4, 5, 6, 7, 8, 9, 10, 11, 12, 13, 14, 15, 16]).
	 LN : [3. 3. 3. 3. 3. 3. 3. 3. 3. 3. 3. 3. 3. 3. 3. 3. 3. 3. 3. 3.]
	 RN : [4. 4. 4. 4. 4. 4. 4. 4. 4. 4. 4. 4. 4. 4. 4. 4. 4. 4. 3. 3.]
	 Queue Understanding : deque([0, 1, 2, 3, 4, 5, 6, 7, 8, 9, 10, 11, 12, 13, 14, 15, 16])
54:53: I'm 19 and it adds 17 to the queue. Queue after adding: deque([0, 1, 2, 3, 4, 5, 6, 7, 8, 9, 10, 11, 12, 13, 14, 15, 16, 17]).
	 LN : [3. 3. 3. 3. 3. 3. 3. 3. 3. 3. 3. 3. 3. 3. 3. 3. 3. 3. 3. 3.]
	 RN : [4. 4. 4. 4. 4. 4. 4. 4. 4. 4. 4. 4. 4. 4. 4. 4. 4. 4. 3. 3.]
	 Queue Understanding : deque([0, 1, 2, 3, 4, 5, 6, 7, 8, 9, 10, 11, 12, 13, 14, 15, 16, 17])
54:53: I'm 19 and sending the token to 0.
	 LN : [3. 3. 3. 3. 3. 3. 3. 3. 3. 3. 3. 3. 3. 3. 3. 3. 3. 3. 3. 3.]
	 RN : [4. 4. 4. 4. 4. 4. 4. 4. 4. 4. 4. 4. 4. 4. 4. 4. 4. 4. 3. 3.]
	 Queue Understanding : deque([1, 2, 3, 4, 5, 6, 7, 8, 9, 10, 11, 12, 13, 14, 15, 16, 17])
54:55: I'm 19 and want a token for the 4 time.
	 LN : [3. 3. 3. 3. 3. 3. 3. 3. 3. 3. 3. 3. 3. 3. 3. 3. 3. 3. 3. 3.]
	 RN : [4. 4. 4. 4. 4. 4. 4. 4. 4. 4. 4. 4. 4. 4. 4. 4. 4. 4. 4. 4.]
	 Queue Understanding : deque([1, 2, 3, 4, 5, 6, 7, 8, 9, 10, 11, 12, 13, 14, 15, 16, 17])
56:03: I'm 19 and I got a token.
	 LN : [3. 3. 3. 3. 3. 3. 3. 3. 3. 3. 3. 3. 3. 3. 3. 3. 3. 3. 3. 3.]
	 RN : [5. 5. 5. 5. 5. 5. 5. 5. 5. 5. 5. 5. 5. 5. 5. 5. 5. 5. 4. 4.]
	 Queue Understanding : deque([1, 2, 3, 4, 5, 6, 7, 8, 9, 10, 11, 12, 13, 14, 15, 16, 17])
56:03: I am 19 and execute 4 CS.
	 LN : [4. 4. 4. 4. 4. 4. 4. 4. 4. 4. 4. 4. 4. 4. 4. 4. 4. 4. 4. 3.]
	 RN : [5. 5. 5. 5. 5. 5. 5. 5. 5. 5. 5. 5. 5. 5. 5. 5. 5. 5. 4. 4.]
	 Queue Understanding : deque([0, 1, 2, 3, 4, 5, 6, 7, 8, 9, 10, 11, 12, 13, 14, 15, 16])
56:06: I'm 19 and finished 4 CS.
	 LN : [4. 4. 4. 4. 4. 4. 4. 4. 4. 4. 4. 4. 4. 4. 4. 4. 4. 4. 4. 3.]
	 RN : [5. 5. 5. 5. 5. 5. 5. 5. 5. 5. 5. 5. 5. 5. 5. 5. 5. 5. 4. 4.]
	 Queue Understanding : deque([0, 1, 2, 3, 4, 5, 6, 7, 8, 9, 10, 11, 12, 13, 14, 15, 16])
56:06: I'm 19 and it adds 17 to the queue. Queue after adding: deque([0, 1, 2, 3, 4, 5, 6, 7, 8, 9, 10, 11, 12, 13, 14, 15, 16, 17]).
	 LN : [4. 4. 4. 4. 4. 4. 4. 4. 4. 4. 4. 4. 4. 4. 4. 4. 4. 4. 4. 4.]
	 RN : [5. 5. 5. 5. 5. 5. 5. 5. 5. 5. 5. 5. 5. 5. 5. 5. 5. 5. 4. 4.]
	 Queue Understanding : deque([0, 1, 2, 3, 4, 5, 6, 7, 8, 9, 10, 11, 12, 13, 14, 15, 16, 17])
56:06: I'm 19 and sending the token to 0.
	 LN : [4. 4. 4. 4. 4. 4. 4. 4. 4. 4. 4. 4. 4. 4. 4. 4. 4. 4. 4. 4.]
	 RN : [5. 5. 5. 5. 5. 5. 5. 5. 5. 5. 5. 5. 5. 5. 5. 5. 5. 5. 4. 4.]
	 Queue Understanding : deque([1, 2, 3, 4, 5, 6, 7, 8, 9, 10, 11, 12, 13, 14, 15, 16, 17])
56:07: I'm 19 and want a token for the 5 time.
	 LN : [4. 4. 4. 4. 4. 4. 4. 4. 4. 4. 4. 4. 4. 4. 4. 4. 4. 4. 4. 4.]
	 RN : [5. 5. 5. 5. 5. 5. 5. 5. 5. 5. 5. 5. 5. 5. 5. 5. 5. 5. 5. 5.]
	 Queue Understanding : deque([1, 2, 3, 4, 5, 6, 7, 8, 9, 10, 11, 12, 13, 14, 15, 16, 17])
57:13: I'm 19 and I got a token.
	 LN : [4. 4. 4. 4. 4. 4. 4. 4. 4. 4. 4. 4. 4. 4. 4. 4. 4. 4. 4. 4.]
	 RN : [6. 6. 6. 6. 6. 6. 6. 6. 6. 6. 6. 6. 6. 6. 6. 6. 6. 6. 5. 5.]
	 Queue Understanding : deque([1, 2, 3, 4, 5, 6, 7, 8, 9, 10, 11, 12, 13, 14, 15, 16, 17])
57:13: I am 19 and execute 5 CS.
	 LN : [5. 5. 5. 5. 5. 5. 5. 5. 5. 5. 5. 5. 5. 5. 5. 5. 5. 5. 5. 4.]
	 RN : [6. 6. 6. 6. 6. 6. 6. 6. 6. 6. 6. 6. 6. 6. 6. 6. 6. 6. 5. 5.]
	 Queue Understanding : deque([0, 1, 2, 3, 4, 5, 6, 7, 8, 9, 10, 11, 12, 13, 14, 15, 16])
57:15: I'm 19 and finished 5 CS.
	 LN : [5. 5. 5. 5. 5. 5. 5. 5. 5. 5. 5. 5. 5. 5. 5. 5. 5. 5. 5. 4.]
	 RN : [6. 6. 6. 6. 6. 6. 6. 6. 6. 6. 6. 6. 6. 6. 6. 6. 6. 6. 5. 5.]
	 Queue Understanding : deque([0, 1, 2, 3, 4, 5, 6, 7, 8, 9, 10, 11, 12, 13, 14, 15, 16])
57:15: I'm 19 and it adds 17 to the queue. Queue after adding: deque([0, 1, 2, 3, 4, 5, 6, 7, 8, 9, 10, 11, 12, 13, 14, 15, 16, 17]).
	 LN : [5. 5. 5. 5. 5. 5. 5. 5. 5. 5. 5. 5. 5. 5. 5. 5. 5. 5. 5. 5.]
	 RN : [6. 6. 6. 6. 6. 6. 6. 6. 6. 6. 6. 6. 6. 6. 6. 6. 6. 6. 5. 5.]
	 Queue Understanding : deque([0, 1, 2, 3, 4, 5, 6, 7, 8, 9, 10, 11, 12, 13, 14, 15, 16, 17])
57:15: I'm 19 and sending the token to 0.
	 LN : [5. 5. 5. 5. 5. 5. 5. 5. 5. 5. 5. 5. 5. 5. 5. 5. 5. 5. 5. 5.]
	 RN : [6. 6. 6. 6. 6. 6. 6. 6. 6. 6. 6. 6. 6. 6. 6. 6. 6. 6. 5. 5.]
	 Queue Understanding : deque([1, 2, 3, 4, 5, 6, 7, 8, 9, 10, 11, 12, 13, 14, 15, 16, 17])
57:18: I'm 19 and want a token for the 6 time.
	 LN : [5. 5. 5. 5. 5. 5. 5. 5. 5. 5. 5. 5. 5. 5. 5. 5. 5. 5. 5. 5.]
	 RN : [6. 6. 6. 6. 6. 6. 6. 6. 6. 6. 6. 6. 6. 6. 6. 6. 6. 6. 6. 6.]
	 Queue Understanding : deque([1, 2, 3, 4, 5, 6, 7, 8, 9, 10, 11, 12, 13, 14, 15, 16, 17])
58:28: I'm 19 and I got a token.
	 LN : [5. 5. 5. 5. 5. 5. 5. 5. 5. 5. 5. 5. 5. 5. 5. 5. 5. 5. 5. 5.]
	 RN : [7. 7. 7. 7. 7. 7. 7. 7. 7. 7. 7. 7. 7. 7. 7. 7. 7. 7. 7. 6.]
	 Queue Understanding : deque([1, 2, 3, 4, 5, 6, 7, 8, 9, 10, 11, 12, 13, 14, 15, 16, 17])
58:28: I am 19 and execute 6 CS.
	 LN : [7. 6. 6. 6. 6. 6. 6. 6. 6. 6. 6. 6. 6. 6. 6. 6. 6. 6. 6. 5.]
	 RN : [7. 7. 7. 7. 7. 7. 7. 7. 7. 7. 7. 7. 7. 7. 7. 7. 7. 7. 7. 6.]
	 Queue Understanding : deque([1, 2, 3, 4, 5, 6, 7, 8, 9, 10, 11, 12, 13, 14, 15, 16, 17])
58:31: I'm 19 and finished 6 CS.
	 LN : [7. 6. 6. 6. 6. 6. 6. 6. 6. 6. 6. 6. 6. 6. 6. 6. 6. 6. 6. 5.]
	 RN : [7. 7. 7. 7. 7. 7. 7. 7. 7. 7. 7. 7. 7. 7. 7. 7. 7. 7. 7. 6.]
	 Queue Understanding : deque([1, 2, 3, 4, 5, 6, 7, 8, 9, 10, 11, 12, 13, 14, 15, 16, 17])
58:31: I'm 19 and it adds 18 to the queue. Queue after adding: deque([1, 2, 3, 4, 5, 6, 7, 8, 9, 10, 11, 12, 13, 14, 15, 16, 17, 18]).
	 LN : [7. 6. 6. 6. 6. 6. 6. 6. 6. 6. 6. 6. 6. 6. 6. 6. 6. 6. 6. 6.]
	 RN : [7. 7. 7. 7. 7. 7. 7. 7. 7. 7. 7. 7. 7. 7. 7. 7. 7. 7. 7. 6.]
	 Queue Understanding : deque([1, 2, 3, 4, 5, 6, 7, 8, 9, 10, 11, 12, 13, 14, 15, 16, 17, 18])
58:31: I'm 19 and sending the token to 1.
	 LN : [7. 6. 6. 6. 6. 6. 6. 6. 6. 6. 6. 6. 6. 6. 6. 6. 6. 6. 6. 6.]
	 RN : [7. 7. 7. 7. 7. 7. 7. 7. 7. 7. 7. 7. 7. 7. 7. 7. 7. 7. 7. 6.]
	 Queue Understanding : deque([2, 3, 4, 5, 6, 7, 8, 9, 10, 11, 12, 13, 14, 15, 16, 17, 18])
58:32: I'm 19 and want a token for the 7 time.
	 LN : [7. 6. 6. 6. 6. 6. 6. 6. 6. 6. 6. 6. 6. 6. 6. 6. 6. 6. 6. 6.]
	 RN : [8. 7. 7. 7. 7. 7. 7. 7. 7. 7. 7. 7. 7. 7. 7. 7. 7. 7. 7. 7.]
	 Queue Understanding : deque([2, 3, 4, 5, 6, 7, 8, 9, 10, 11, 12, 13, 14, 15, 16, 17, 18])
59:39: I'm 19 and I got a token.
	 LN : [7. 6. 6. 6. 6. 6. 6. 6. 6. 6. 6. 6. 6. 6. 6. 6. 6. 6. 6. 6.]
	 RN : [8. 8. 8. 8. 8. 8. 8. 8. 8. 8. 8. 8. 8. 8. 8. 8. 8. 8. 8. 7.]
	 Queue Understanding : deque([2, 3, 4, 5, 6, 7, 8, 9, 10, 11, 12, 13, 14, 15, 16, 17, 18])
59:39: I am 19 and execute 7 CS.
	 LN : [8. 7. 7. 7. 7. 7. 7. 7. 7. 7. 7. 7. 7. 7. 7. 7. 7. 7. 7. 6.]
	 RN : [8. 8. 8. 8. 8. 8. 8. 8. 8. 8. 8. 8. 8. 8. 8. 8. 8. 8. 8. 7.]
	 Queue Understanding : deque([1, 2, 3, 4, 5, 6, 7, 8, 9, 10, 11, 12, 13, 14, 15, 16, 17])
59:44: I'm 19 and finished 7 CS.
	 LN : [8. 7. 7. 7. 7. 7. 7. 7. 7. 7. 7. 7. 7. 7. 7. 7. 7. 7. 7. 6.]
	 RN : [8. 8. 8. 8. 8. 8. 8. 8. 8. 8. 8. 8. 8. 8. 8. 8. 8. 8. 8. 7.]
	 Queue Understanding : deque([1, 2, 3, 4, 5, 6, 7, 8, 9, 10, 11, 12, 13, 14, 15, 16, 17])
59:44: I'm 19 and it adds 18 to the queue. Queue after adding: deque([1, 2, 3, 4, 5, 6, 7, 8, 9, 10, 11, 12, 13, 14, 15, 16, 17, 18]).
	 LN : [8. 7. 7. 7. 7. 7. 7. 7. 7. 7. 7. 7. 7. 7. 7. 7. 7. 7. 7. 7.]
	 RN : [8. 8. 8. 8. 8. 8. 8. 8. 8. 8. 8. 8. 8. 8. 8. 8. 8. 8. 8. 7.]
	 Queue Understanding : deque([1, 2, 3, 4, 5, 6, 7, 8, 9, 10, 11, 12, 13, 14, 15, 16, 17, 18])
59:44: I'm 19 and sending the token to 1.
	 LN : [8. 7. 7. 7. 7. 7. 7. 7. 7. 7. 7. 7. 7. 7. 7. 7. 7. 7. 7. 7.]
	 RN : [8. 8. 8. 8. 8. 8. 8. 8. 8. 8. 8. 8. 8. 8. 8. 8. 8. 8. 8. 7.]
	 Queue Understanding : deque([2, 3, 4, 5, 6, 7, 8, 9, 10, 11, 12, 13, 14, 15, 16, 17, 18])
59:46: I'm 19 and want a token for the 8 time.
	 LN : [8. 7. 7. 7. 7. 7. 7. 7. 7. 7. 7. 7. 7. 7. 7. 7. 7. 7. 7. 7.]
	 RN : [9. 8. 8. 8. 8. 8. 8. 8. 8. 8. 8. 8. 8. 8. 8. 8. 8. 8. 8. 8.]
	 Queue Understanding : deque([2, 3, 4, 5, 6, 7, 8, 9, 10, 11, 12, 13, 14, 15, 16, 17, 18])
00:44: I'm 19 and I got a token.
	 LN : [8. 7. 7. 7. 7. 7. 7. 7. 7. 7. 7. 7. 7. 7. 7. 7. 7. 7. 7. 7.]
	 RN : [9. 9. 9. 9. 9. 9. 9. 9. 9. 9. 9. 9. 9. 9. 9. 9. 9. 9. 9. 8.]
	 Queue Understanding : deque([2, 3, 4, 5, 6, 7, 8, 9, 10, 11, 12, 13, 14, 15, 16, 17, 18])
00:44: I am 19 and execute 8 CS.
	 LN : [9. 8. 8. 8. 8. 8. 8. 8. 8. 8. 8. 8. 8. 8. 8. 8. 8. 8. 8. 7.]
	 RN : [9. 9. 9. 9. 9. 9. 9. 9. 9. 9. 9. 9. 9. 9. 9. 9. 9. 9. 9. 8.]
	 Queue Understanding : deque([1, 2, 3, 4, 5, 6, 7, 8, 9, 10, 11, 12, 13, 14, 15, 16, 17])
00:47: I'm 19 and finished 8 CS.
	 LN : [9. 8. 8. 8. 8. 8. 8. 8. 8. 8. 8. 8. 8. 8. 8. 8. 8. 8. 8. 7.]
	 RN : [9. 9. 9. 9. 9. 9. 9. 9. 9. 9. 9. 9. 9. 9. 9. 9. 9. 9. 9. 8.]
	 Queue Understanding : deque([1, 2, 3, 4, 5, 6, 7, 8, 9, 10, 11, 12, 13, 14, 15, 16, 17])
00:47: I'm 19 and it adds 18 to the queue. Queue after adding: deque([1, 2, 3, 4, 5, 6, 7, 8, 9, 10, 11, 12, 13, 14, 15, 16, 17, 18]).
	 LN : [9. 8. 8. 8. 8. 8. 8. 8. 8. 8. 8. 8. 8. 8. 8. 8. 8. 8. 8. 8.]
	 RN : [9. 9. 9. 9. 9. 9. 9. 9. 9. 9. 9. 9. 9. 9. 9. 9. 9. 9. 9. 8.]
	 Queue Understanding : deque([1, 2, 3, 4, 5, 6, 7, 8, 9, 10, 11, 12, 13, 14, 15, 16, 17, 18])
00:47: I'm 19 and sending the token to 1.
	 LN : [9. 8. 8. 8. 8. 8. 8. 8. 8. 8. 8. 8. 8. 8. 8. 8. 8. 8. 8. 8.]
	 RN : [9. 9. 9. 9. 9. 9. 9. 9. 9. 9. 9. 9. 9. 9. 9. 9. 9. 9. 9. 8.]
	 Queue Understanding : deque([2, 3, 4, 5, 6, 7, 8, 9, 10, 11, 12, 13, 14, 15, 16, 17, 18])
00:50: I'm 19 and want a token for the 9 time.
	 LN : [9. 8. 8. 8. 8. 8. 8. 8. 8. 8. 8. 8. 8. 8. 8. 8. 8. 8. 8. 8.]
	 RN : [10.  9.  9.  9.  9.  9.  9.  9.  9.  9.  9.  9.  9.  9.  9.  9.  9.  9.
  9.  9.]
	 Queue Understanding : deque([2, 3, 4, 5, 6, 7, 8, 9, 10, 11, 12, 13, 14, 15, 16, 17, 18])
02:03: I'm 19 and I got a token.
	 LN : [9. 8. 8. 8. 8. 8. 8. 8. 8. 8. 8. 8. 8. 8. 8. 8. 8. 8. 8. 8.]
	 RN : [10. 10. 10. 10. 10. 10. 10. 10. 10. 10. 10. 10. 10. 10. 10. 10. 10. 10.
 10.  9.]
	 Queue Understanding : deque([2, 3, 4, 5, 6, 7, 8, 9, 10, 11, 12, 13, 14, 15, 16, 17, 18])
02:03: I am 19 and execute 9 CS.
	 LN : [10.  9.  9.  9.  9.  9.  9.  9.  9.  9.  9.  9.  9.  9.  9.  9.  9.  9.
  9.  8.]
	 RN : [10. 10. 10. 10. 10. 10. 10. 10. 10. 10. 10. 10. 10. 10. 10. 10. 10. 10.
 10.  9.]
	 Queue Understanding : deque([1, 2, 3, 4, 5, 6, 7, 8, 9, 10, 11, 12, 13, 14, 15, 16])
02:07: I'm 19 and finished 9 CS.
	 LN : [10.  9.  9.  9.  9.  9.  9.  9.  9.  9.  9.  9.  9.  9.  9.  9.  9.  9.
  9.  8.]
	 RN : [10. 10. 10. 10. 10. 10. 10. 10. 10. 10. 10. 10. 10. 10. 10. 10. 10. 10.
 10.  9.]
	 Queue Understanding : deque([1, 2, 3, 4, 5, 6, 7, 8, 9, 10, 11, 12, 13, 14, 15, 16])
02:07: I'm 19 and it adds 17 to the queue. Queue after adding: deque([1, 2, 3, 4, 5, 6, 7, 8, 9, 10, 11, 12, 13, 14, 15, 16, 17]).
	 LN : [10.  9.  9.  9.  9.  9.  9.  9.  9.  9.  9.  9.  9.  9.  9.  9.  9.  9.
  9.  9.]
	 RN : [10. 10. 10. 10. 10. 10. 10. 10. 10. 10. 10. 10. 10. 10. 10. 10. 10. 10.
 10.  9.]
	 Queue Understanding : deque([1, 2, 3, 4, 5, 6, 7, 8, 9, 10, 11, 12, 13, 14, 15, 16, 17])
02:07: I'm 19 and it adds 18 to the queue. Queue after adding: deque([1, 2, 3, 4, 5, 6, 7, 8, 9, 10, 11, 12, 13, 14, 15, 16, 17, 18]).
	 LN : [10.  9.  9.  9.  9.  9.  9.  9.  9.  9.  9.  9.  9.  9.  9.  9.  9.  9.
  9.  9.]
	 RN : [10. 10. 10. 10. 10. 10. 10. 10. 10. 10. 10. 10. 10. 10. 10. 10. 10. 10.
 10.  9.]
	 Queue Understanding : deque([1, 2, 3, 4, 5, 6, 7, 8, 9, 10, 11, 12, 13, 14, 15, 16, 17, 18])
02:07: I'm 19 and sending the token to 1.
	 LN : [10.  9.  9.  9.  9.  9.  9.  9.  9.  9.  9.  9.  9.  9.  9.  9.  9.  9.
  9.  9.]
	 RN : [10. 10. 10. 10. 10. 10. 10. 10. 10. 10. 10. 10. 10. 10. 10. 10. 10. 10.
 10.  9.]
	 Queue Understanding : deque([2, 3, 4, 5, 6, 7, 8, 9, 10, 11, 12, 13, 14, 15, 16, 17, 18])
02:09: I'm 19 and want a token for the 10 time.
	 LN : [10.  9.  9.  9.  9.  9.  9.  9.  9.  9.  9.  9.  9.  9.  9.  9.  9.  9.
  9.  9.]
	 RN : [11. 10. 10. 10. 10. 10. 10. 10. 10. 10. 10. 10. 10. 10. 10. 10. 10. 10.
 10. 10.]
	 Queue Understanding : deque([2, 3, 4, 5, 6, 7, 8, 9, 10, 11, 12, 13, 14, 15, 16, 17, 18])
03:16: I'm 19 and I got a token.
	 LN : [10.  9.  9.  9.  9.  9.  9.  9.  9.  9.  9.  9.  9.  9.  9.  9.  9.  9.
  9.  9.]
	 RN : [11. 11. 11. 11. 11. 11. 11. 11. 11. 11. 11. 11. 11. 11. 11. 11. 11. 11.
 10. 10.]
	 Queue Understanding : deque([2, 3, 4, 5, 6, 7, 8, 9, 10, 11, 12, 13, 14, 15, 16, 17, 18])
03:16: I am 19 and execute 10 CS.
	 LN : [11. 10. 10. 10. 10. 10. 10. 10. 10. 10. 10. 10. 10. 10. 10. 10. 10. 10.
 10.  9.]
	 RN : [11. 11. 11. 11. 11. 11. 11. 11. 11. 11. 11. 11. 11. 11. 11. 11. 11. 11.
 10. 10.]
	 Queue Understanding : deque([1, 2, 3, 4, 5, 6, 7, 8, 9, 10, 11, 12, 13, 14, 15, 16])
03:20: I'm 19 and finished 10 CS.
	 LN : [11. 10. 10. 10. 10. 10. 10. 10. 10. 10. 10. 10. 10. 10. 10. 10. 10. 10.
 10.  9.]
	 RN : [11. 11. 11. 11. 11. 11. 11. 11. 11. 11. 11. 11. 11. 11. 11. 11. 11. 11.
 10. 10.]
	 Queue Understanding : deque([1, 2, 3, 4, 5, 6, 7, 8, 9, 10, 11, 12, 13, 14, 15, 16])
03:20: I'm 19 and it adds 17 to the queue. Queue after adding: deque([1, 2, 3, 4, 5, 6, 7, 8, 9, 10, 11, 12, 13, 14, 15, 16, 17]).
	 LN : [11. 10. 10. 10. 10. 10. 10. 10. 10. 10. 10. 10. 10. 10. 10. 10. 10. 10.
 10. 10.]
	 RN : [11. 11. 11. 11. 11. 11. 11. 11. 11. 11. 11. 11. 11. 11. 11. 11. 11. 11.
 10. 10.]
	 Queue Understanding : deque([1, 2, 3, 4, 5, 6, 7, 8, 9, 10, 11, 12, 13, 14, 15, 16, 17])
03:20: I'm 19 and sending the token to 1.
	 LN : [11. 10. 10. 10. 10. 10. 10. 10. 10. 10. 10. 10. 10. 10. 10. 10. 10. 10.
 10. 10.]
	 RN : [11. 11. 11. 11. 11. 11. 11. 11. 11. 11. 11. 11. 11. 11. 11. 11. 11. 11.
 10. 10.]
	 Queue Understanding : deque([2, 3, 4, 5, 6, 7, 8, 9, 10, 11, 12, 13, 14, 15, 16, 17])
03:23: I'm 19 and want a token for the 11 time.
	 LN : [11. 10. 10. 10. 10. 10. 10. 10. 10. 10. 10. 10. 10. 10. 10. 10. 10. 10.
 10. 10.]
	 RN : [12. 11. 11. 11. 11. 11. 11. 11. 11. 11. 11. 11. 11. 11. 11. 11. 11. 11.
 11. 11.]
	 Queue Understanding : deque([2, 3, 4, 5, 6, 7, 8, 9, 10, 11, 12, 13, 14, 15, 16, 17])
04:29: I'm 19 and I got a token.
	 LN : [11. 10. 10. 10. 10. 10. 10. 10. 10. 10. 10. 10. 10. 10. 10. 10. 10. 10.
 10. 10.]
	 RN : [13. 12. 12. 12. 12. 12. 12. 12. 12. 12. 12. 12. 12. 12. 12. 12. 12. 12.
 11. 11.]
	 Queue Understanding : deque([2, 3, 4, 5, 6, 7, 8, 9, 10, 11, 12, 13, 14, 15, 16, 17])
04:29: I am 19 and execute 11 CS.
	 LN : [12. 11. 11. 11. 11. 11. 11. 11. 11. 11. 11. 11. 11. 11. 11. 11. 11. 11.
 11. 10.]
	 RN : [13. 12. 12. 12. 12. 12. 12. 12. 12. 12. 12. 12. 12. 12. 12. 12. 12. 12.
 11. 11.]
	 Queue Understanding : deque([1, 2, 3, 4, 5, 6, 7, 8, 9, 10, 11, 12, 13, 14, 15, 16, 17])
04:33: I'm 19 and finished 11 CS.
	 LN : [12. 11. 11. 11. 11. 11. 11. 11. 11. 11. 11. 11. 11. 11. 11. 11. 11. 11.
 11. 10.]
	 RN : [13. 12. 12. 12. 12. 12. 12. 12. 12. 12. 12. 12. 12. 12. 12. 12. 12. 12.
 11. 11.]
	 Queue Understanding : deque([1, 2, 3, 4, 5, 6, 7, 8, 9, 10, 11, 12, 13, 14, 15, 16, 17])
04:33: I'm 19 and it adds 0 to the queue. Queue after adding: deque([1, 2, 3, 4, 5, 6, 7, 8, 9, 10, 11, 12, 13, 14, 15, 16, 17, 0]).
	 LN : [12. 11. 11. 11. 11. 11. 11. 11. 11. 11. 11. 11. 11. 11. 11. 11. 11. 11.
 11. 11.]
	 RN : [13. 12. 12. 12. 12. 12. 12. 12. 12. 12. 12. 12. 12. 12. 12. 12. 12. 12.
 11. 11.]
	 Queue Understanding : deque([1, 2, 3, 4, 5, 6, 7, 8, 9, 10, 11, 12, 13, 14, 15, 16, 17, 0])
04:33: I'm 19 and sending the token to 1.
	 LN : [12. 11. 11. 11. 11. 11. 11. 11. 11. 11. 11. 11. 11. 11. 11. 11. 11. 11.
 11. 11.]
	 RN : [13. 12. 12. 12. 12. 12. 12. 12. 12. 12. 12. 12. 12. 12. 12. 12. 12. 12.
 11. 11.]
	 Queue Understanding : deque([2, 3, 4, 5, 6, 7, 8, 9, 10, 11, 12, 13, 14, 15, 16, 17, 0])
04:36: I'm 19 and want a token for the 12 time.
	 LN : [12. 11. 11. 11. 11. 11. 11. 11. 11. 11. 11. 11. 11. 11. 11. 11. 11. 11.
 11. 11.]
	 RN : [13. 12. 12. 12. 12. 12. 12. 12. 12. 12. 12. 12. 12. 12. 12. 12. 12. 12.
 12. 12.]
	 Queue Understanding : deque([2, 3, 4, 5, 6, 7, 8, 9, 10, 11, 12, 13, 14, 15, 16, 17, 0])
05:40: I'm 19 and I got a token.
	 LN : [12. 11. 11. 11. 11. 11. 11. 11. 11. 11. 11. 11. 11. 11. 11. 11. 11. 11.
 11. 11.]
	 RN : [14. 13. 13. 13. 13. 13. 13. 13. 13. 13. 13. 13. 13. 13. 13. 13. 13. 13.
 12. 12.]
	 Queue Understanding : deque([2, 3, 4, 5, 6, 7, 8, 9, 10, 11, 12, 13, 14, 15, 16, 17, 0])
05:40: I am 19 and execute 12 CS.
	 LN : [13. 12. 12. 12. 12. 12. 12. 12. 12. 12. 12. 12. 12. 12. 12. 12. 12. 12.
 12. 11.]
	 RN : [14. 13. 13. 13. 13. 13. 13. 13. 13. 13. 13. 13. 13. 13. 13. 13. 13. 13.
 12. 12.]
	 Queue Understanding : deque([1, 2, 3, 4, 5, 6, 7, 8, 9, 10, 11, 12, 13, 14, 15, 16, 17])
05:43: I'm 19 and finished 12 CS.
	 LN : [13. 12. 12. 12. 12. 12. 12. 12. 12. 12. 12. 12. 12. 12. 12. 12. 12. 12.
 12. 11.]
	 RN : [14. 13. 13. 13. 13. 13. 13. 13. 13. 13. 13. 13. 13. 13. 13. 13. 13. 13.
 12. 12.]
	 Queue Understanding : deque([1, 2, 3, 4, 5, 6, 7, 8, 9, 10, 11, 12, 13, 14, 15, 16, 17])
05:43: I'm 19 and it adds 0 to the queue. Queue after adding: deque([1, 2, 3, 4, 5, 6, 7, 8, 9, 10, 11, 12, 13, 14, 15, 16, 17, 0]).
	 LN : [13. 12. 12. 12. 12. 12. 12. 12. 12. 12. 12. 12. 12. 12. 12. 12. 12. 12.
 12. 12.]
	 RN : [14. 13. 13. 13. 13. 13. 13. 13. 13. 13. 13. 13. 13. 13. 13. 13. 13. 13.
 12. 12.]
	 Queue Understanding : deque([1, 2, 3, 4, 5, 6, 7, 8, 9, 10, 11, 12, 13, 14, 15, 16, 17, 0])
05:43: I'm 19 and sending the token to 1.
	 LN : [13. 12. 12. 12. 12. 12. 12. 12. 12. 12. 12. 12. 12. 12. 12. 12. 12. 12.
 12. 12.]
	 RN : [14. 13. 13. 13. 13. 13. 13. 13. 13. 13. 13. 13. 13. 13. 13. 13. 13. 13.
 12. 12.]
	 Queue Understanding : deque([2, 3, 4, 5, 6, 7, 8, 9, 10, 11, 12, 13, 14, 15, 16, 17, 0])
05:46: I'm 19 and want a token for the 13 time.
	 LN : [13. 12. 12. 12. 12. 12. 12. 12. 12. 12. 12. 12. 12. 12. 12. 12. 12. 12.
 12. 12.]
	 RN : [14. 13. 13. 13. 13. 13. 13. 13. 13. 13. 13. 13. 13. 13. 13. 13. 13. 13.
 13. 13.]
	 Queue Understanding : deque([2, 3, 4, 5, 6, 7, 8, 9, 10, 11, 12, 13, 14, 15, 16, 17, 0])
06:52: I'm 19 and I got a token.
	 LN : [13. 12. 12. 12. 12. 12. 12. 12. 12. 12. 12. 12. 12. 12. 12. 12. 12. 12.
 12. 12.]
	 RN : [15. 14. 14. 14. 14. 14. 14. 14. 14. 14. 14. 14. 14. 14. 14. 14. 14. 14.
 13. 13.]
	 Queue Understanding : deque([2, 3, 4, 5, 6, 7, 8, 9, 10, 11, 12, 13, 14, 15, 16, 17, 0])
06:52: I am 19 and execute 13 CS.
	 LN : [14. 13. 13. 13. 13. 13. 13. 13. 13. 13. 13. 13. 13. 13. 13. 13. 13. 13.
 13. 12.]
	 RN : [15. 14. 14. 14. 14. 14. 14. 14. 14. 14. 14. 14. 14. 14. 14. 14. 14. 14.
 13. 13.]
	 Queue Understanding : deque([1, 2, 3, 4, 5, 6, 7, 8, 9, 10, 11, 12, 13, 14, 15, 16, 17])
06:54: I'm 19 and finished 13 CS.
	 LN : [14. 13. 13. 13. 13. 13. 13. 13. 13. 13. 13. 13. 13. 13. 13. 13. 13. 13.
 13. 12.]
	 RN : [15. 14. 14. 14. 14. 14. 14. 14. 14. 14. 14. 14. 14. 14. 14. 14. 14. 14.
 13. 13.]
	 Queue Understanding : deque([1, 2, 3, 4, 5, 6, 7, 8, 9, 10, 11, 12, 13, 14, 15, 16, 17])
06:54: I'm 19 and it adds 0 to the queue. Queue after adding: deque([1, 2, 3, 4, 5, 6, 7, 8, 9, 10, 11, 12, 13, 14, 15, 16, 17, 0]).
	 LN : [14. 13. 13. 13. 13. 13. 13. 13. 13. 13. 13. 13. 13. 13. 13. 13. 13. 13.
 13. 13.]
	 RN : [15. 14. 14. 14. 14. 14. 14. 14. 14. 14. 14. 14. 14. 14. 14. 14. 14. 14.
 13. 13.]
	 Queue Understanding : deque([1, 2, 3, 4, 5, 6, 7, 8, 9, 10, 11, 12, 13, 14, 15, 16, 17, 0])
06:54: I'm 19 and sending the token to 1.
	 LN : [14. 13. 13. 13. 13. 13. 13. 13. 13. 13. 13. 13. 13. 13. 13. 13. 13. 13.
 13. 13.]
	 RN : [15. 14. 14. 14. 14. 14. 14. 14. 14. 14. 14. 14. 14. 14. 14. 14. 14. 14.
 13. 13.]
	 Queue Understanding : deque([2, 3, 4, 5, 6, 7, 8, 9, 10, 11, 12, 13, 14, 15, 16, 17, 0])
06:56: I'm 19 and want a token for the 14 time.
	 LN : [14. 13. 13. 13. 13. 13. 13. 13. 13. 13. 13. 13. 13. 13. 13. 13. 13. 13.
 13. 13.]
	 RN : [15. 14. 14. 14. 14. 14. 14. 14. 14. 14. 14. 14. 14. 14. 14. 14. 14. 14.
 14. 14.]
	 Queue Understanding : deque([2, 3, 4, 5, 6, 7, 8, 9, 10, 11, 12, 13, 14, 15, 16, 17, 0])
08:05: I'm 19 and I got a token.
	 LN : [14. 13. 13. 13. 13. 13. 13. 13. 13. 13. 13. 13. 13. 13. 13. 13. 13. 13.
 13. 13.]
	 RN : [16. 15. 15. 15. 15. 15. 15. 15. 15. 15. 15. 15. 15. 15. 15. 15. 15. 15.
 14. 14.]
	 Queue Understanding : deque([2, 3, 4, 5, 6, 7, 8, 9, 10, 11, 12, 13, 14, 15, 16, 17, 0])
08:05: I am 19 and execute 14 CS.
	 LN : [15. 14. 14. 14. 14. 14. 14. 14. 14. 14. 14. 14. 14. 14. 14. 14. 14. 14.
 14. 13.]
	 RN : [16. 15. 15. 15. 15. 15. 15. 15. 15. 15. 15. 15. 15. 15. 15. 15. 15. 15.
 14. 14.]
	 Queue Understanding : deque([1, 2, 3, 4, 5, 6, 7, 8, 9, 10, 11, 12, 13, 14, 15, 16])
08:09: I'm 19 and finished 14 CS.
	 LN : [15. 14. 14. 14. 14. 14. 14. 14. 14. 14. 14. 14. 14. 14. 14. 14. 14. 14.
 14. 13.]
	 RN : [16. 15. 15. 15. 15. 15. 15. 15. 15. 15. 15. 15. 15. 15. 15. 15. 15. 15.
 14. 14.]
	 Queue Understanding : deque([1, 2, 3, 4, 5, 6, 7, 8, 9, 10, 11, 12, 13, 14, 15, 16])
08:09: I'm 19 and it adds 0 to the queue. Queue after adding: deque([1, 2, 3, 4, 5, 6, 7, 8, 9, 10, 11, 12, 13, 14, 15, 16, 0]).
	 LN : [15. 14. 14. 14. 14. 14. 14. 14. 14. 14. 14. 14. 14. 14. 14. 14. 14. 14.
 14. 14.]
	 RN : [16. 15. 15. 15. 15. 15. 15. 15. 15. 15. 15. 15. 15. 15. 15. 15. 15. 15.
 14. 14.]
	 Queue Understanding : deque([1, 2, 3, 4, 5, 6, 7, 8, 9, 10, 11, 12, 13, 14, 15, 16, 0])
08:09: I'm 19 and it adds 17 to the queue. Queue after adding: deque([1, 2, 3, 4, 5, 6, 7, 8, 9, 10, 11, 12, 13, 14, 15, 16, 0, 17]).
	 LN : [15. 14. 14. 14. 14. 14. 14. 14. 14. 14. 14. 14. 14. 14. 14. 14. 14. 14.
 14. 14.]
	 RN : [16. 15. 15. 15. 15. 15. 15. 15. 15. 15. 15. 15. 15. 15. 15. 15. 15. 15.
 14. 14.]
	 Queue Understanding : deque([1, 2, 3, 4, 5, 6, 7, 8, 9, 10, 11, 12, 13, 14, 15, 16, 0, 17])
08:09: I'm 19 and sending the token to 1.
	 LN : [15. 14. 14. 14. 14. 14. 14. 14. 14. 14. 14. 14. 14. 14. 14. 14. 14. 14.
 14. 14.]
	 RN : [16. 15. 15. 15. 15. 15. 15. 15. 15. 15. 15. 15. 15. 15. 15. 15. 15. 15.
 14. 14.]
	 Queue Understanding : deque([2, 3, 4, 5, 6, 7, 8, 9, 10, 11, 12, 13, 14, 15, 16, 0, 17])
08:12: I'm 19 and want a token for the 15 time.
	 LN : [15. 14. 14. 14. 14. 14. 14. 14. 14. 14. 14. 14. 14. 14. 14. 14. 14. 14.
 14. 14.]
	 RN : [16. 15. 15. 15. 15. 15. 15. 15. 15. 15. 15. 15. 15. 15. 15. 15. 15. 15.
 15. 15.]
	 Queue Understanding : deque([2, 3, 4, 5, 6, 7, 8, 9, 10, 11, 12, 13, 14, 15, 16, 0, 17])
09:19: I'm 19 and I got a token.
	 LN : [15. 14. 14. 14. 14. 14. 14. 14. 14. 14. 14. 14. 14. 14. 14. 14. 14. 14.
 14. 14.]
	 RN : [17. 16. 16. 16. 16. 16. 16. 16. 16. 16. 16. 16. 16. 16. 16. 16. 16. 15.
 15. 15.]
	 Queue Understanding : deque([2, 3, 4, 5, 6, 7, 8, 9, 10, 11, 12, 13, 14, 15, 16, 0, 17])
09:19: I am 19 and execute 15 CS.
	 LN : [16. 15. 15. 15. 15. 15. 15. 15. 15. 15. 15. 15. 15. 15. 15. 15. 15. 15.
 15. 14.]
	 RN : [17. 16. 16. 16. 16. 16. 16. 16. 16. 16. 16. 16. 16. 16. 16. 16. 16. 15.
 15. 15.]
	 Queue Understanding : deque([1, 2, 3, 4, 5, 6, 7, 8, 9, 10, 11, 12, 13, 14, 15, 16, 0])
09:22: I'm 19 and finished 15 CS.
	 LN : [16. 15. 15. 15. 15. 15. 15. 15. 15. 15. 15. 15. 15. 15. 15. 15. 15. 15.
 15. 14.]
	 RN : [17. 16. 16. 16. 16. 16. 16. 16. 16. 16. 16. 16. 16. 16. 16. 16. 16. 15.
 15. 15.]
	 Queue Understanding : deque([1, 2, 3, 4, 5, 6, 7, 8, 9, 10, 11, 12, 13, 14, 15, 16, 0])
09:22: I'm 19 and sending the token to 1.
	 LN : [16. 15. 15. 15. 15. 15. 15. 15. 15. 15. 15. 15. 15. 15. 15. 15. 15. 15.
 15. 15.]
	 RN : [17. 16. 16. 16. 16. 16. 16. 16. 16. 16. 16. 16. 16. 16. 16. 16. 16. 15.
 15. 15.]
	 Queue Understanding : deque([2, 3, 4, 5, 6, 7, 8, 9, 10, 11, 12, 13, 14, 15, 16, 0])
09:23: I'm 19 and want a token for the 16 time.
	 LN : [16. 15. 15. 15. 15. 15. 15. 15. 15. 15. 15. 15. 15. 15. 15. 15. 15. 15.
 15. 15.]
	 RN : [17. 16. 16. 16. 16. 16. 16. 16. 16. 16. 16. 16. 16. 16. 16. 16. 16. 16.
 16. 16.]
	 Queue Understanding : deque([2, 3, 4, 5, 6, 7, 8, 9, 10, 11, 12, 13, 14, 15, 16, 0])
10:30: I'm 19 and I got a token.
	 LN : [16. 15. 15. 15. 15. 15. 15. 15. 15. 15. 15. 15. 15. 15. 15. 15. 15. 15.
 15. 15.]
	 RN : [18. 17. 17. 17. 17. 17. 17. 17. 17. 17. 17. 17. 17. 17. 17. 17. 17. 17.
 16. 16.]
	 Queue Understanding : deque([2, 3, 4, 5, 6, 7, 8, 9, 10, 11, 12, 13, 14, 15, 16, 0])
10:30: I am 19 and execute 16 CS.
	 LN : [17. 16. 16. 16. 16. 16. 16. 16. 16. 16. 16. 16. 16. 16. 16. 16. 16. 16.
 16. 15.]
	 RN : [18. 17. 17. 17. 17. 17. 17. 17. 17. 17. 17. 17. 17. 17. 17. 17. 17. 17.
 16. 16.]
	 Queue Understanding : deque([1, 2, 3, 4, 5, 6, 7, 8, 9, 10, 11, 12, 13, 14, 15, 16, 0])
10:33: I'm 19 and finished 16 CS.
	 LN : [17. 16. 16. 16. 16. 16. 16. 16. 16. 16. 16. 16. 16. 16. 16. 16. 16. 16.
 16. 15.]
	 RN : [18. 17. 17. 17. 17. 17. 17. 17. 17. 17. 17. 17. 17. 17. 17. 17. 17. 17.
 16. 16.]
	 Queue Understanding : deque([1, 2, 3, 4, 5, 6, 7, 8, 9, 10, 11, 12, 13, 14, 15, 16, 0])
10:33: I'm 19 and it adds 17 to the queue. Queue after adding: deque([1, 2, 3, 4, 5, 6, 7, 8, 9, 10, 11, 12, 13, 14, 15, 16, 0, 17]).
	 LN : [17. 16. 16. 16. 16. 16. 16. 16. 16. 16. 16. 16. 16. 16. 16. 16. 16. 16.
 16. 16.]
	 RN : [18. 17. 17. 17. 17. 17. 17. 17. 17. 17. 17. 17. 17. 17. 17. 17. 17. 17.
 16. 16.]
	 Queue Understanding : deque([1, 2, 3, 4, 5, 6, 7, 8, 9, 10, 11, 12, 13, 14, 15, 16, 0, 17])
10:33: I'm 19 and sending the token to 1.
	 LN : [17. 16. 16. 16. 16. 16. 16. 16. 16. 16. 16. 16. 16. 16. 16. 16. 16. 16.
 16. 16.]
	 RN : [18. 17. 17. 17. 17. 17. 17. 17. 17. 17. 17. 17. 17. 17. 17. 17. 17. 17.
 16. 16.]
	 Queue Understanding : deque([2, 3, 4, 5, 6, 7, 8, 9, 10, 11, 12, 13, 14, 15, 16, 0, 17])
10:36: I'm 19 and want a token for the 17 time.
	 LN : [17. 16. 16. 16. 16. 16. 16. 16. 16. 16. 16. 16. 16. 16. 16. 16. 16. 16.
 16. 16.]
	 RN : [18. 17. 17. 17. 17. 17. 17. 17. 17. 17. 17. 17. 17. 17. 17. 17. 17. 17.
 17. 17.]
	 Queue Understanding : deque([2, 3, 4, 5, 6, 7, 8, 9, 10, 11, 12, 13, 14, 15, 16, 0, 17])
11:45: I'm 19 and I got a token.
	 LN : [17. 16. 16. 16. 16. 16. 16. 16. 16. 16. 16. 16. 16. 16. 16. 16. 16. 16.
 16. 16.]
	 RN : [19. 18. 18. 18. 18. 18. 18. 18. 18. 18. 18. 18. 18. 18. 18. 18. 18. 17.
 17. 17.]
	 Queue Understanding : deque([2, 3, 4, 5, 6, 7, 8, 9, 10, 11, 12, 13, 14, 15, 16, 0, 17])
11:45: I am 19 and execute 17 CS.
	 LN : [18. 17. 17. 17. 17. 17. 17. 17. 17. 17. 17. 17. 17. 17. 17. 17. 17. 17.
 17. 16.]
	 RN : [19. 18. 18. 18. 18. 18. 18. 18. 18. 18. 18. 18. 18. 18. 18. 18. 18. 17.
 17. 17.]
	 Queue Understanding : deque([1, 2, 3, 4, 5, 6, 7, 8, 9, 10, 11, 12, 13, 14, 15, 16, 0])
11:50: I'm 19 and finished 17 CS.
	 LN : [18. 17. 17. 17. 17. 17. 17. 17. 17. 17. 17. 17. 17. 17. 17. 17. 17. 17.
 17. 16.]
	 RN : [19. 18. 18. 18. 18. 18. 18. 18. 18. 18. 18. 18. 18. 18. 18. 18. 18. 17.
 17. 17.]
	 Queue Understanding : deque([1, 2, 3, 4, 5, 6, 7, 8, 9, 10, 11, 12, 13, 14, 15, 16, 0])
11:50: I'm 19 and sending the token to 1.
	 LN : [18. 17. 17. 17. 17. 17. 17. 17. 17. 17. 17. 17. 17. 17. 17. 17. 17. 17.
 17. 17.]
	 RN : [19. 18. 18. 18. 18. 18. 18. 18. 18. 18. 18. 18. 18. 18. 18. 18. 18. 17.
 17. 17.]
	 Queue Understanding : deque([2, 3, 4, 5, 6, 7, 8, 9, 10, 11, 12, 13, 14, 15, 16, 0])
11:51: I'm 19 and want a token for the 18 time.
	 LN : [18. 17. 17. 17. 17. 17. 17. 17. 17. 17. 17. 17. 17. 17. 17. 17. 17. 17.
 17. 17.]
	 RN : [19. 18. 18. 18. 18. 18. 18. 18. 18. 18. 18. 18. 18. 18. 18. 18. 18. 18.
 18. 18.]
	 Queue Understanding : deque([2, 3, 4, 5, 6, 7, 8, 9, 10, 11, 12, 13, 14, 15, 16, 0])
12:50: I'm 19 and I got a token.
	 LN : [18. 17. 17. 17. 17. 17. 17. 17. 17. 17. 17. 17. 17. 17. 17. 17. 17. 17.
 17. 17.]
	 RN : [20. 19. 19. 19. 19. 19. 19. 19. 19. 19. 19. 19. 19. 19. 19. 19. 19. 19.
 18. 18.]
	 Queue Understanding : deque([2, 3, 4, 5, 6, 7, 8, 9, 10, 11, 12, 13, 14, 15, 16, 0])
12:50: I am 19 and execute 18 CS.
	 LN : [19. 18. 18. 18. 18. 18. 18. 18. 18. 18. 18. 18. 18. 18. 18. 18. 18. 18.
 18. 17.]
	 RN : [20. 19. 19. 19. 19. 19. 19. 19. 19. 19. 19. 19. 19. 19. 19. 19. 19. 19.
 18. 18.]
	 Queue Understanding : deque([1, 2, 3, 4, 5, 6, 7, 8, 9, 10, 11, 12, 13, 14, 15, 16, 0])
12:55: I'm 19 and finished 18 CS.
	 LN : [19. 18. 18. 18. 18. 18. 18. 18. 18. 18. 18. 18. 18. 18. 18. 18. 18. 18.
 18. 17.]
	 RN : [20. 19. 19. 19. 19. 19. 19. 19. 19. 19. 19. 19. 19. 19. 19. 19. 19. 19.
 18. 18.]
	 Queue Understanding : deque([1, 2, 3, 4, 5, 6, 7, 8, 9, 10, 11, 12, 13, 14, 15, 16, 0])
12:55: I'm 19 and it adds 17 to the queue. Queue after adding: deque([1, 2, 3, 4, 5, 6, 7, 8, 9, 10, 11, 12, 13, 14, 15, 16, 0, 17]).
	 LN : [19. 18. 18. 18. 18. 18. 18. 18. 18. 18. 18. 18. 18. 18. 18. 18. 18. 18.
 18. 18.]
	 RN : [20. 19. 19. 19. 19. 19. 19. 19. 19. 19. 19. 19. 19. 19. 19. 19. 19. 19.
 18. 18.]
	 Queue Understanding : deque([1, 2, 3, 4, 5, 6, 7, 8, 9, 10, 11, 12, 13, 14, 15, 16, 0, 17])
12:55: I'm 19 and sending the token to 1.
	 LN : [19. 18. 18. 18. 18. 18. 18. 18. 18. 18. 18. 18. 18. 18. 18. 18. 18. 18.
 18. 18.]
	 RN : [20. 19. 19. 19. 19. 19. 19. 19. 19. 19. 19. 19. 19. 19. 19. 19. 19. 19.
 18. 18.]
	 Queue Understanding : deque([2, 3, 4, 5, 6, 7, 8, 9, 10, 11, 12, 13, 14, 15, 16, 0, 17])
12:56: I'm 19 and want a token for the 19 time.
	 LN : [19. 18. 18. 18. 18. 18. 18. 18. 18. 18. 18. 18. 18. 18. 18. 18. 18. 18.
 18. 18.]
	 RN : [20. 19. 19. 19. 19. 19. 19. 19. 19. 19. 19. 19. 19. 19. 19. 19. 19. 19.
 19. 19.]
	 Queue Understanding : deque([2, 3, 4, 5, 6, 7, 8, 9, 10, 11, 12, 13, 14, 15, 16, 0, 17])
13:59: I'm 19 and I got a token.
	 LN : [19. 18. 18. 18. 18. 18. 18. 18. 18. 18. 18. 18. 18. 18. 18. 18. 18. 18.
 18. 18.]
	 RN : [21. 20. 20. 20. 20. 20. 20. 20. 20. 20. 20. 20. 20. 20. 20. 20. 20. 20.
 19. 19.]
	 Queue Understanding : deque([2, 3, 4, 5, 6, 7, 8, 9, 10, 11, 12, 13, 14, 15, 16, 0, 17])
13:59: I am 19 and execute 19 CS.
	 LN : [20. 19. 19. 19. 19. 19. 19. 19. 19. 19. 19. 19. 19. 19. 19. 19. 19. 19.
 19. 18.]
	 RN : [21. 20. 20. 20. 20. 20. 20. 20. 20. 20. 20. 20. 20. 20. 20. 20. 20. 20.
 19. 19.]
	 Queue Understanding : deque([1, 2, 3, 4, 5, 6, 7, 8, 9, 10, 11, 12, 13, 14, 15, 16, 0])
14:02: I'm 19 and finished 19 CS.
	 LN : [20. 19. 19. 19. 19. 19. 19. 19. 19. 19. 19. 19. 19. 19. 19. 19. 19. 19.
 19. 18.]
	 RN : [21. 20. 20. 20. 20. 20. 20. 20. 20. 20. 20. 20. 20. 20. 20. 20. 20. 20.
 19. 19.]
	 Queue Understanding : deque([1, 2, 3, 4, 5, 6, 7, 8, 9, 10, 11, 12, 13, 14, 15, 16, 0])
14:02: I'm 19 and it adds 17 to the queue. Queue after adding: deque([1, 2, 3, 4, 5, 6, 7, 8, 9, 10, 11, 12, 13, 14, 15, 16, 0, 17]).
	 LN : [20. 19. 19. 19. 19. 19. 19. 19. 19. 19. 19. 19. 19. 19. 19. 19. 19. 19.
 19. 19.]
	 RN : [21. 20. 20. 20. 20. 20. 20. 20. 20. 20. 20. 20. 20. 20. 20. 20. 20. 20.
 19. 19.]
	 Queue Understanding : deque([1, 2, 3, 4, 5, 6, 7, 8, 9, 10, 11, 12, 13, 14, 15, 16, 0, 17])
14:02: I'm 19 and sending the token to 1.
	 LN : [20. 19. 19. 19. 19. 19. 19. 19. 19. 19. 19. 19. 19. 19. 19. 19. 19. 19.
 19. 19.]
	 RN : [21. 20. 20. 20. 20. 20. 20. 20. 20. 20. 20. 20. 20. 20. 20. 20. 20. 20.
 19. 19.]
	 Queue Understanding : deque([2, 3, 4, 5, 6, 7, 8, 9, 10, 11, 12, 13, 14, 15, 16, 0, 17])
14:04: I'm 19 and want a token for the 20 time.
	 LN : [20. 19. 19. 19. 19. 19. 19. 19. 19. 19. 19. 19. 19. 19. 19. 19. 19. 19.
 19. 19.]
	 RN : [21. 20. 20. 20. 20. 20. 20. 20. 20. 20. 20. 20. 20. 20. 20. 20. 20. 20.
 20. 20.]
	 Queue Understanding : deque([2, 3, 4, 5, 6, 7, 8, 9, 10, 11, 12, 13, 14, 15, 16, 0, 17])
15:05: I'm 19 and I got a token.
	 LN : [20. 19. 19. 19. 19. 19. 19. 19. 19. 19. 19. 19. 19. 19. 19. 19. 19. 19.
 19. 19.]
	 RN : [22. 21. 21. 21. 21. 21. 21. 21. 21. 21. 21. 21. 21. 21. 21. 21. 21. 21.
 20. 20.]
	 Queue Understanding : deque([2, 3, 4, 5, 6, 7, 8, 9, 10, 11, 12, 13, 14, 15, 16, 0, 17])
15:05: I am 19 and execute 20 CS.
	 LN : [21. 20. 20. 20. 20. 20. 20. 20. 20. 20. 20. 20. 20. 20. 20. 20. 20. 20.
 20. 19.]
	 RN : [22. 21. 21. 21. 21. 21. 21. 21. 21. 21. 21. 21. 21. 21. 21. 21. 21. 21.
 20. 20.]
	 Queue Understanding : deque([1, 2, 3, 4, 5, 6, 7, 8, 9, 10, 11, 12, 13, 14, 15, 16, 0])
15:08: I'm 19 and finished 20 CS.
	 LN : [21. 20. 20. 20. 20. 20. 20. 20. 20. 20. 20. 20. 20. 20. 20. 20. 20. 20.
 20. 19.]
	 RN : [22. 21. 21. 21. 21. 21. 21. 21. 21. 21. 21. 21. 21. 21. 21. 21. 21. 21.
 20. 20.]
	 Queue Understanding : deque([1, 2, 3, 4, 5, 6, 7, 8, 9, 10, 11, 12, 13, 14, 15, 16, 0])
15:08: I'm 19 and it adds 17 to the queue. Queue after adding: deque([1, 2, 3, 4, 5, 6, 7, 8, 9, 10, 11, 12, 13, 14, 15, 16, 0, 17]).
	 LN : [21. 20. 20. 20. 20. 20. 20. 20. 20. 20. 20. 20. 20. 20. 20. 20. 20. 20.
 20. 20.]
	 RN : [22. 21. 21. 21. 21. 21. 21. 21. 21. 21. 21. 21. 21. 21. 21. 21. 21. 21.
 20. 20.]
	 Queue Understanding : deque([1, 2, 3, 4, 5, 6, 7, 8, 9, 10, 11, 12, 13, 14, 15, 16, 0, 17])
15:08: I'm 19 and sending the token to 1.
	 LN : [21. 20. 20. 20. 20. 20. 20. 20. 20. 20. 20. 20. 20. 20. 20. 20. 20. 20.
 20. 20.]
	 RN : [22. 21. 21. 21. 21. 21. 21. 21. 21. 21. 21. 21. 21. 21. 21. 21. 21. 21.
 20. 20.]
	 Queue Understanding : deque([2, 3, 4, 5, 6, 7, 8, 9, 10, 11, 12, 13, 14, 15, 16, 0, 17])
15:09: I'm 19 and want a token for the 21 time.
	 LN : [21. 20. 20. 20. 20. 20. 20. 20. 20. 20. 20. 20. 20. 20. 20. 20. 20. 20.
 20. 20.]
	 RN : [22. 21. 21. 21. 21. 21. 21. 21. 21. 21. 21. 21. 21. 21. 21. 21. 21. 21.
 21. 21.]
	 Queue Understanding : deque([2, 3, 4, 5, 6, 7, 8, 9, 10, 11, 12, 13, 14, 15, 16, 0, 17])
16:13: I'm 19 and I got a token.
	 LN : [21. 20. 20. 20. 20. 20. 20. 20. 20. 20. 20. 20. 20. 20. 20. 20. 20. 20.
 20. 20.]
	 RN : [23. 22. 22. 22. 22. 22. 22. 22. 22. 22. 22. 22. 22. 22. 22. 22. 22. 22.
 21. 21.]
	 Queue Understanding : deque([2, 3, 4, 5, 6, 7, 8, 9, 10, 11, 12, 13, 14, 15, 16, 0, 17])
16:13: I am 19 and execute 21 CS.
	 LN : [22. 21. 21. 21. 21. 21. 21. 21. 21. 21. 21. 21. 21. 21. 21. 21. 21. 21.
 21. 20.]
	 RN : [23. 22. 22. 22. 22. 22. 22. 22. 22. 22. 22. 22. 22. 22. 22. 22. 22. 22.
 21. 21.]
	 Queue Understanding : deque([1, 2, 3, 4, 5, 6, 7, 8, 9, 10, 11, 12, 13, 14, 15, 16, 0])
16:16: I'm 19 and finished 21 CS.
	 LN : [22. 21. 21. 21. 21. 21. 21. 21. 21. 21. 21. 21. 21. 21. 21. 21. 21. 21.
 21. 20.]
	 RN : [23. 22. 22. 22. 22. 22. 22. 22. 22. 22. 22. 22. 22. 22. 22. 22. 22. 22.
 21. 21.]
	 Queue Understanding : deque([1, 2, 3, 4, 5, 6, 7, 8, 9, 10, 11, 12, 13, 14, 15, 16, 0])
16:16: I'm 19 and it adds 17 to the queue. Queue after adding: deque([1, 2, 3, 4, 5, 6, 7, 8, 9, 10, 11, 12, 13, 14, 15, 16, 0, 17]).
	 LN : [22. 21. 21. 21. 21. 21. 21. 21. 21. 21. 21. 21. 21. 21. 21. 21. 21. 21.
 21. 21.]
	 RN : [23. 22. 22. 22. 22. 22. 22. 22. 22. 22. 22. 22. 22. 22. 22. 22. 22. 22.
 21. 21.]
	 Queue Understanding : deque([1, 2, 3, 4, 5, 6, 7, 8, 9, 10, 11, 12, 13, 14, 15, 16, 0, 17])
16:16: I'm 19 and sending the token to 1.
	 LN : [22. 21. 21. 21. 21. 21. 21. 21. 21. 21. 21. 21. 21. 21. 21. 21. 21. 21.
 21. 21.]
	 RN : [23. 22. 22. 22. 22. 22. 22. 22. 22. 22. 22. 22. 22. 22. 22. 22. 22. 22.
 21. 21.]
	 Queue Understanding : deque([2, 3, 4, 5, 6, 7, 8, 9, 10, 11, 12, 13, 14, 15, 16, 0, 17])
16:18: I'm 19 and want a token for the 22 time.
	 LN : [22. 21. 21. 21. 21. 21. 21. 21. 21. 21. 21. 21. 21. 21. 21. 21. 21. 21.
 21. 21.]
	 RN : [23. 22. 22. 22. 22. 22. 22. 22. 22. 22. 22. 22. 22. 22. 22. 22. 22. 22.
 22. 22.]
	 Queue Understanding : deque([2, 3, 4, 5, 6, 7, 8, 9, 10, 11, 12, 13, 14, 15, 16, 0, 17])
17:20: I'm 19 and I got a token.
	 LN : [22. 21. 21. 21. 21. 21. 21. 21. 21. 21. 21. 21. 21. 21. 21. 21. 21. 21.
 21. 21.]
	 RN : [24. 23. 23. 23. 23. 23. 23. 23. 23. 23. 23. 23. 23. 23. 23. 23. 23. 23.
 22. 22.]
	 Queue Understanding : deque([2, 3, 4, 5, 6, 7, 8, 9, 10, 11, 12, 13, 14, 15, 16, 0, 17])
17:20: I am 19 and execute 22 CS.
	 LN : [23. 22. 22. 22. 22. 22. 22. 22. 22. 22. 22. 22. 22. 22. 22. 22. 22. 22.
 22. 21.]
	 RN : [24. 23. 23. 23. 23. 23. 23. 23. 23. 23. 23. 23. 23. 23. 23. 23. 23. 23.
 22. 22.]
	 Queue Understanding : deque([1, 2, 3, 4, 5, 6, 7, 8, 9, 10, 11, 12, 13, 14, 15, 16, 0])
17:24: I'm 19 and finished 22 CS.
	 LN : [23. 22. 22. 22. 22. 22. 22. 22. 22. 22. 22. 22. 22. 22. 22. 22. 22. 22.
 22. 21.]
	 RN : [24. 23. 23. 23. 23. 23. 23. 23. 23. 23. 23. 23. 23. 23. 23. 23. 23. 23.
 22. 22.]
	 Queue Understanding : deque([1, 2, 3, 4, 5, 6, 7, 8, 9, 10, 11, 12, 13, 14, 15, 16, 0])
17:24: I'm 19 and it adds 17 to the queue. Queue after adding: deque([1, 2, 3, 4, 5, 6, 7, 8, 9, 10, 11, 12, 13, 14, 15, 16, 0, 17]).
	 LN : [23. 22. 22. 22. 22. 22. 22. 22. 22. 22. 22. 22. 22. 22. 22. 22. 22. 22.
 22. 22.]
	 RN : [24. 23. 23. 23. 23. 23. 23. 23. 23. 23. 23. 23. 23. 23. 23. 23. 23. 23.
 22. 22.]
	 Queue Understanding : deque([1, 2, 3, 4, 5, 6, 7, 8, 9, 10, 11, 12, 13, 14, 15, 16, 0, 17])
17:24: I'm 19 and sending the token to 1.
	 LN : [23. 22. 22. 22. 22. 22. 22. 22. 22. 22. 22. 22. 22. 22. 22. 22. 22. 22.
 22. 22.]
	 RN : [24. 23. 23. 23. 23. 23. 23. 23. 23. 23. 23. 23. 23. 23. 23. 23. 23. 23.
 22. 22.]
	 Queue Understanding : deque([2, 3, 4, 5, 6, 7, 8, 9, 10, 11, 12, 13, 14, 15, 16, 0, 17])
17:25: I'm 19 and want a token for the 23 time.
	 LN : [23. 22. 22. 22. 22. 22. 22. 22. 22. 22. 22. 22. 22. 22. 22. 22. 22. 22.
 22. 22.]
	 RN : [24. 23. 23. 23. 23. 23. 23. 23. 23. 23. 23. 23. 23. 23. 23. 23. 23. 23.
 23. 23.]
	 Queue Understanding : deque([2, 3, 4, 5, 6, 7, 8, 9, 10, 11, 12, 13, 14, 15, 16, 0, 17])
18:28: I'm 19 and I got a token.
	 LN : [23. 22. 22. 22. 22. 22. 22. 22. 22. 22. 22. 22. 22. 22. 22. 22. 22. 22.
 22. 22.]
	 RN : [25. 24. 24. 24. 24. 24. 24. 24. 24. 24. 24. 24. 24. 24. 24. 24. 24. 24.
 23. 23.]
	 Queue Understanding : deque([2, 3, 4, 5, 6, 7, 8, 9, 10, 11, 12, 13, 14, 15, 16, 0, 17])
18:28: I am 19 and execute 23 CS.
	 LN : [24. 23. 23. 23. 23. 23. 23. 23. 23. 23. 23. 23. 23. 23. 23. 23. 23. 23.
 23. 22.]
	 RN : [25. 24. 24. 24. 24. 24. 24. 24. 24. 24. 24. 24. 24. 24. 24. 24. 24. 24.
 23. 23.]
	 Queue Understanding : deque([1, 2, 3, 4, 5, 6, 7, 8, 9, 10, 11, 12, 13, 14, 15, 16, 0])
18:32: I'm 19 and finished 23 CS.
	 LN : [24. 23. 23. 23. 23. 23. 23. 23. 23. 23. 23. 23. 23. 23. 23. 23. 23. 23.
 23. 22.]
	 RN : [25. 24. 24. 24. 24. 24. 24. 24. 24. 24. 24. 24. 24. 24. 24. 24. 24. 24.
 23. 23.]
	 Queue Understanding : deque([1, 2, 3, 4, 5, 6, 7, 8, 9, 10, 11, 12, 13, 14, 15, 16, 0])
18:32: I'm 19 and it adds 17 to the queue. Queue after adding: deque([1, 2, 3, 4, 5, 6, 7, 8, 9, 10, 11, 12, 13, 14, 15, 16, 0, 17]).
	 LN : [24. 23. 23. 23. 23. 23. 23. 23. 23. 23. 23. 23. 23. 23. 23. 23. 23. 23.
 23. 23.]
	 RN : [25. 24. 24. 24. 24. 24. 24. 24. 24. 24. 24. 24. 24. 24. 24. 24. 24. 24.
 23. 23.]
	 Queue Understanding : deque([1, 2, 3, 4, 5, 6, 7, 8, 9, 10, 11, 12, 13, 14, 15, 16, 0, 17])
18:32: I'm 19 and sending the token to 1.
	 LN : [24. 23. 23. 23. 23. 23. 23. 23. 23. 23. 23. 23. 23. 23. 23. 23. 23. 23.
 23. 23.]
	 RN : [25. 24. 24. 24. 24. 24. 24. 24. 24. 24. 24. 24. 24. 24. 24. 24. 24. 24.
 23. 23.]
	 Queue Understanding : deque([2, 3, 4, 5, 6, 7, 8, 9, 10, 11, 12, 13, 14, 15, 16, 0, 17])
18:35: I'm 19 and want a token for the 24 time.
	 LN : [24. 23. 23. 23. 23. 23. 23. 23. 23. 23. 23. 23. 23. 23. 23. 23. 23. 23.
 23. 23.]
	 RN : [25. 24. 24. 24. 24. 24. 24. 24. 24. 24. 24. 24. 24. 24. 24. 24. 24. 24.
 24. 24.]
	 Queue Understanding : deque([2, 3, 4, 5, 6, 7, 8, 9, 10, 11, 12, 13, 14, 15, 16, 0, 17])
19:44: I'm 19 and I got a token.
	 LN : [24. 23. 23. 23. 23. 23. 23. 23. 23. 23. 23. 23. 23. 23. 23. 23. 23. 23.
 23. 23.]
	 RN : [26. 25. 25. 25. 25. 25. 25. 25. 25. 25. 25. 25. 25. 25. 25. 25. 25. 25.
 24. 24.]
	 Queue Understanding : deque([2, 3, 4, 5, 6, 7, 8, 9, 10, 11, 12, 13, 14, 15, 16, 0, 17])
19:44: I am 19 and execute 24 CS.
	 LN : [25. 25. 24. 24. 24. 24. 24. 24. 24. 24. 24. 24. 24. 24. 24. 24. 24. 24.
 24. 23.]
	 RN : [26. 25. 25. 25. 25. 25. 25. 25. 25. 25. 25. 25. 25. 25. 25. 25. 25. 25.
 24. 24.]
	 Queue Understanding : deque([2, 3, 4, 5, 6, 7, 8, 9, 10, 11, 12, 13, 14, 15, 16, 0, 17])
19:48: I'm 19 and finished 24 CS.
	 LN : [25. 25. 24. 24. 24. 24. 24. 24. 24. 24. 24. 24. 24. 24. 24. 24. 24. 24.
 24. 23.]
	 RN : [26. 25. 25. 25. 25. 25. 25. 25. 25. 25. 25. 25. 25. 25. 25. 25. 25. 25.
 24. 24.]
	 Queue Understanding : deque([2, 3, 4, 5, 6, 7, 8, 9, 10, 11, 12, 13, 14, 15, 16, 0, 17])
19:48: I'm 19 and sending the token to 2.
	 LN : [25. 25. 24. 24. 24. 24. 24. 24. 24. 24. 24. 24. 24. 24. 24. 24. 24. 24.
 24. 24.]
	 RN : [26. 25. 25. 25. 25. 25. 25. 25. 25. 25. 25. 25. 25. 25. 25. 25. 25. 25.
 24. 24.]
	 Queue Understanding : deque([3, 4, 5, 6, 7, 8, 9, 10, 11, 12, 13, 14, 15, 16, 0, 17])
19:51: I'm 19 and want a token for the 25 time.
	 LN : [25. 25. 24. 24. 24. 24. 24. 24. 24. 24. 24. 24. 24. 24. 24. 24. 24. 24.
 24. 24.]
	 RN : [26. 26. 25. 25. 25. 25. 25. 25. 25. 25. 25. 25. 25. 25. 25. 25. 25. 25.
 25. 25.]
	 Queue Understanding : deque([3, 4, 5, 6, 7, 8, 9, 10, 11, 12, 13, 14, 15, 16, 0, 17])
20:51: I'm 19 and I got a token.
	 LN : [25. 25. 24. 24. 24. 24. 24. 24. 24. 24. 24. 24. 24. 24. 24. 24. 24. 24.
 24. 24.]
	 RN : [27. 27. 26. 26. 26. 26. 26. 26. 26. 26. 26. 26. 26. 26. 26. 26. 26. 26.
 25. 25.]
	 Queue Understanding : deque([3, 4, 5, 6, 7, 8, 9, 10, 11, 12, 13, 14, 15, 16, 0, 17])
20:51: I am 19 and execute 25 CS.
	 LN : [26. 26. 25. 25. 25. 25. 25. 25. 25. 25. 25. 25. 25. 25. 25. 25. 25. 25.
 25. 24.]
	 RN : [27. 27. 26. 26. 26. 26. 26. 26. 26. 26. 26. 26. 26. 26. 26. 26. 26. 26.
 25. 25.]
	 Queue Understanding : deque([2, 3, 4, 5, 6, 7, 8, 9, 10, 11, 12, 13, 14, 15, 0, 16])
20:55: I'm 19 and finished 25 CS.
	 LN : [26. 26. 25. 25. 25. 25. 25. 25. 25. 25. 25. 25. 25. 25. 25. 25. 25. 25.
 25. 24.]
	 RN : [27. 27. 26. 26. 26. 26. 26. 26. 26. 26. 26. 26. 26. 26. 26. 26. 26. 26.
 25. 25.]
	 Queue Understanding : deque([2, 3, 4, 5, 6, 7, 8, 9, 10, 11, 12, 13, 14, 15, 0, 16])
20:55: I'm 19 and it adds 1 to the queue. Queue after adding: deque([2, 3, 4, 5, 6, 7, 8, 9, 10, 11, 12, 13, 14, 15, 0, 16, 1]).
	 LN : [26. 26. 25. 25. 25. 25. 25. 25. 25. 25. 25. 25. 25. 25. 25. 25. 25. 25.
 25. 25.]
	 RN : [27. 27. 26. 26. 26. 26. 26. 26. 26. 26. 26. 26. 26. 26. 26. 26. 26. 26.
 25. 25.]
	 Queue Understanding : deque([2, 3, 4, 5, 6, 7, 8, 9, 10, 11, 12, 13, 14, 15, 0, 16, 1])
20:55: I'm 19 and it adds 17 to the queue. Queue after adding: deque([2, 3, 4, 5, 6, 7, 8, 9, 10, 11, 12, 13, 14, 15, 0, 16, 1, 17]).
	 LN : [26. 26. 25. 25. 25. 25. 25. 25. 25. 25. 25. 25. 25. 25. 25. 25. 25. 25.
 25. 25.]
	 RN : [27. 27. 26. 26. 26. 26. 26. 26. 26. 26. 26. 26. 26. 26. 26. 26. 26. 26.
 25. 25.]
	 Queue Understanding : deque([2, 3, 4, 5, 6, 7, 8, 9, 10, 11, 12, 13, 14, 15, 0, 16, 1, 17])
20:55: I'm 19 and sending the token to 2.
	 LN : [26. 26. 25. 25. 25. 25. 25. 25. 25. 25. 25. 25. 25. 25. 25. 25. 25. 25.
 25. 25.]
	 RN : [27. 27. 26. 26. 26. 26. 26. 26. 26. 26. 26. 26. 26. 26. 26. 26. 26. 26.
 25. 25.]
	 Queue Understanding : deque([3, 4, 5, 6, 7, 8, 9, 10, 11, 12, 13, 14, 15, 0, 16, 1, 17])
20:57: I'm 19 and want a token for the 26 time.
	 LN : [26. 26. 25. 25. 25. 25. 25. 25. 25. 25. 25. 25. 25. 25. 25. 25. 25. 25.
 25. 25.]
	 RN : [27. 27. 26. 26. 26. 26. 26. 26. 26. 26. 26. 26. 26. 26. 26. 26. 26. 26.
 26. 26.]
	 Queue Understanding : deque([3, 4, 5, 6, 7, 8, 9, 10, 11, 12, 13, 14, 15, 0, 16, 1, 17])
22:01: I'm 19 and I got a token.
	 LN : [26. 26. 25. 25. 25. 25. 25. 25. 25. 25. 25. 25. 25. 25. 25. 25. 25. 25.
 25. 25.]
	 RN : [28. 28. 27. 27. 27. 27. 27. 27. 27. 27. 27. 27. 27. 27. 27. 27. 27. 27.
 26. 26.]
	 Queue Understanding : deque([3, 4, 5, 6, 7, 8, 9, 10, 11, 12, 13, 14, 15, 0, 16, 1, 17])
22:01: I am 19 and execute 26 CS.
	 LN : [27. 27. 26. 26. 26. 26. 26. 26. 26. 26. 26. 26. 26. 26. 26. 26. 26. 26.
 26. 25.]
	 RN : [28. 28. 27. 27. 27. 27. 27. 27. 27. 27. 27. 27. 27. 27. 27. 27. 27. 27.
 26. 26.]
	 Queue Understanding : deque([2, 3, 4, 5, 6, 7, 8, 9, 10, 11, 12, 13, 14, 15, 0, 16, 1])
22:05: I'm 19 and finished 26 CS.
	 LN : [27. 27. 26. 26. 26. 26. 26. 26. 26. 26. 26. 26. 26. 26. 26. 26. 26. 26.
 26. 25.]
	 RN : [28. 28. 27. 27. 27. 27. 27. 27. 27. 27. 27. 27. 27. 27. 27. 27. 27. 27.
 26. 26.]
	 Queue Understanding : deque([2, 3, 4, 5, 6, 7, 8, 9, 10, 11, 12, 13, 14, 15, 0, 16, 1])
22:05: I'm 19 and it adds 17 to the queue. Queue after adding: deque([2, 3, 4, 5, 6, 7, 8, 9, 10, 11, 12, 13, 14, 15, 0, 16, 1, 17]).
	 LN : [27. 27. 26. 26. 26. 26. 26. 26. 26. 26. 26. 26. 26. 26. 26. 26. 26. 26.
 26. 26.]
	 RN : [28. 28. 27. 27. 27. 27. 27. 27. 27. 27. 27. 27. 27. 27. 27. 27. 27. 27.
 26. 26.]
	 Queue Understanding : deque([2, 3, 4, 5, 6, 7, 8, 9, 10, 11, 12, 13, 14, 15, 0, 16, 1, 17])
22:05: I'm 19 and sending the token to 2.
	 LN : [27. 27. 26. 26. 26. 26. 26. 26. 26. 26. 26. 26. 26. 26. 26. 26. 26. 26.
 26. 26.]
	 RN : [28. 28. 27. 27. 27. 27. 27. 27. 27. 27. 27. 27. 27. 27. 27. 27. 27. 27.
 26. 26.]
	 Queue Understanding : deque([3, 4, 5, 6, 7, 8, 9, 10, 11, 12, 13, 14, 15, 0, 16, 1, 17])
22:07: I'm 19 and want a token for the 27 time.
	 LN : [27. 27. 26. 26. 26. 26. 26. 26. 26. 26. 26. 26. 26. 26. 26. 26. 26. 26.
 26. 26.]
	 RN : [28. 28. 27. 27. 27. 27. 27. 27. 27. 27. 27. 27. 27. 27. 27. 27. 27. 27.
 27. 27.]
	 Queue Understanding : deque([3, 4, 5, 6, 7, 8, 9, 10, 11, 12, 13, 14, 15, 0, 16, 1, 17])
23:12: I'm 19 and I got a token.
	 LN : [27. 27. 26. 26. 26. 26. 26. 26. 26. 26. 26. 26. 26. 26. 26. 26. 26. 26.
 26. 26.]
	 RN : [29. 29. 28. 28. 28. 28. 28. 28. 28. 28. 28. 28. 28. 28. 28. 28. 28. 27.
 27. 27.]
	 Queue Understanding : deque([3, 4, 5, 6, 7, 8, 9, 10, 11, 12, 13, 14, 15, 0, 16, 1, 17])
23:12: I am 19 and execute 27 CS.
	 LN : [28. 28. 27. 27. 27. 27. 27. 27. 27. 27. 27. 27. 27. 27. 27. 27. 27. 27.
 27. 26.]
	 RN : [29. 29. 28. 28. 28. 28. 28. 28. 28. 28. 28. 28. 28. 28. 28. 28. 28. 27.
 27. 27.]
	 Queue Understanding : deque([2, 3, 4, 5, 6, 7, 8, 9, 10, 11, 12, 13, 14, 15, 0, 16, 1])
23:16: I'm 19 and finished 27 CS.
	 LN : [28. 28. 27. 27. 27. 27. 27. 27. 27. 27. 27. 27. 27. 27. 27. 27. 27. 27.
 27. 26.]
	 RN : [29. 29. 28. 28. 28. 28. 28. 28. 28. 28. 28. 28. 28. 28. 28. 28. 28. 27.
 27. 27.]
	 Queue Understanding : deque([2, 3, 4, 5, 6, 7, 8, 9, 10, 11, 12, 13, 14, 15, 0, 16, 1])
23:16: I'm 19 and sending the token to 2.
	 LN : [28. 28. 27. 27. 27. 27. 27. 27. 27. 27. 27. 27. 27. 27. 27. 27. 27. 27.
 27. 27.]
	 RN : [29. 29. 28. 28. 28. 28. 28. 28. 28. 28. 28. 28. 28. 28. 28. 28. 28. 27.
 27. 27.]
	 Queue Understanding : deque([3, 4, 5, 6, 7, 8, 9, 10, 11, 12, 13, 14, 15, 0, 16, 1])
23:17: I'm 19 and want a token for the 28 time.
	 LN : [28. 28. 27. 27. 27. 27. 27. 27. 27. 27. 27. 27. 27. 27. 27. 27. 27. 27.
 27. 27.]
	 RN : [29. 29. 28. 28. 28. 28. 28. 28. 28. 28. 28. 28. 28. 28. 28. 28. 28. 28.
 28. 28.]
	 Queue Understanding : deque([3, 4, 5, 6, 7, 8, 9, 10, 11, 12, 13, 14, 15, 0, 16, 1])
24:26: I'm 19 and I got a token.
	 LN : [28. 28. 27. 27. 27. 27. 27. 27. 27. 27. 27. 27. 27. 27. 27. 27. 27. 27.
 27. 27.]
	 RN : [30. 30. 29. 29. 29. 29. 29. 29. 29. 29. 29. 29. 29. 29. 29. 29. 29. 29.
 28. 28.]
	 Queue Understanding : deque([3, 4, 5, 6, 7, 8, 9, 10, 11, 12, 13, 14, 15, 0, 16, 1])
24:26: I am 19 and execute 28 CS.
	 LN : [29. 29. 28. 28. 28. 28. 28. 28. 28. 28. 28. 28. 28. 28. 28. 28. 28. 28.
 28. 27.]
	 RN : [30. 30. 29. 29. 29. 29. 29. 29. 29. 29. 29. 29. 29. 29. 29. 29. 29. 29.
 28. 28.]
	 Queue Understanding : deque([2, 3, 4, 5, 6, 7, 8, 9, 10, 11, 12, 13, 14, 15, 0, 16, 1])
24:29: I'm 19 and finished 28 CS.
	 LN : [29. 29. 28. 28. 28. 28. 28. 28. 28. 28. 28. 28. 28. 28. 28. 28. 28. 28.
 28. 27.]
	 RN : [30. 30. 29. 29. 29. 29. 29. 29. 29. 29. 29. 29. 29. 29. 29. 29. 29. 29.
 28. 28.]
	 Queue Understanding : deque([2, 3, 4, 5, 6, 7, 8, 9, 10, 11, 12, 13, 14, 15, 0, 16, 1])
24:29: I'm 19 and it adds 17 to the queue. Queue after adding: deque([2, 3, 4, 5, 6, 7, 8, 9, 10, 11, 12, 13, 14, 15, 0, 16, 1, 17]).
	 LN : [29. 29. 28. 28. 28. 28. 28. 28. 28. 28. 28. 28. 28. 28. 28. 28. 28. 28.
 28. 28.]
	 RN : [30. 30. 29. 29. 29. 29. 29. 29. 29. 29. 29. 29. 29. 29. 29. 29. 29. 29.
 28. 28.]
	 Queue Understanding : deque([2, 3, 4, 5, 6, 7, 8, 9, 10, 11, 12, 13, 14, 15, 0, 16, 1, 17])
24:29: I'm 19 and sending the token to 2.
	 LN : [29. 29. 28. 28. 28. 28. 28. 28. 28. 28. 28. 28. 28. 28. 28. 28. 28. 28.
 28. 28.]
	 RN : [30. 30. 29. 29. 29. 29. 29. 29. 29. 29. 29. 29. 29. 29. 29. 29. 29. 29.
 28. 28.]
	 Queue Understanding : deque([3, 4, 5, 6, 7, 8, 9, 10, 11, 12, 13, 14, 15, 0, 16, 1, 17])
24:32: I'm 19 and want a token for the 29 time.
	 LN : [29. 29. 28. 28. 28. 28. 28. 28. 28. 28. 28. 28. 28. 28. 28. 28. 28. 28.
 28. 28.]
	 RN : [30. 30. 29. 29. 29. 29. 29. 29. 29. 29. 29. 29. 29. 29. 29. 29. 29. 29.
 29. 29.]
	 Queue Understanding : deque([3, 4, 5, 6, 7, 8, 9, 10, 11, 12, 13, 14, 15, 0, 16, 1, 17])
