51:21: I am 0 and have a startup token.
	 LN : [0. 0. 0. 0. 0. 0. 0. 0. 0. 0. 0. 0. 0. 0. 0. 0. 0. 0. 0. 0.]
	 RN : [1. 0. 0. 0. 0. 0. 0. 0. 0. 0. 0. 0. 0. 0. 0. 0. 0. 0. 0. 0.]
	 Queue Understanding : deque([])
51:21: I am 0 and execute 1 CS.
	 LN : [0. 0. 0. 0. 0. 0. 0. 0. 0. 0. 0. 0. 0. 0. 0. 0. 0. 0. 0. 0.]
	 RN : [1. 0. 0. 0. 0. 0. 0. 0. 0. 0. 0. 0. 0. 0. 0. 0. 0. 0. 0. 0.]
	 Queue Understanding : deque([])
51:24: I'm 0 and finished 1 CS.
	 LN : [0. 0. 0. 0. 0. 0. 0. 0. 0. 0. 0. 0. 0. 0. 0. 0. 0. 0. 0. 0.]
	 RN : [1. 1. 1. 1. 1. 1. 1. 1. 1. 1. 1. 1. 1. 1. 1. 1. 1. 1. 1. 1.]
	 Queue Understanding : deque([])
51:24: I'm 0 and it adds 1 to the queue. Queue after adding: deque([1]).
	 LN : [1. 0. 0. 0. 0. 0. 0. 0. 0. 0. 0. 0. 0. 0. 0. 0. 0. 0. 0. 0.]
	 RN : [1. 1. 1. 1. 1. 1. 1. 1. 1. 1. 1. 1. 1. 1. 1. 1. 1. 1. 1. 1.]
	 Queue Understanding : deque([1])
51:24: I'm 0 and it adds 2 to the queue. Queue after adding: deque([1, 2]).
	 LN : [1. 0. 0. 0. 0. 0. 0. 0. 0. 0. 0. 0. 0. 0. 0. 0. 0. 0. 0. 0.]
	 RN : [1. 1. 1. 1. 1. 1. 1. 1. 1. 1. 1. 1. 1. 1. 1. 1. 1. 1. 1. 1.]
	 Queue Understanding : deque([1, 2])
51:24: I'm 0 and it adds 3 to the queue. Queue after adding: deque([1, 2, 3]).
	 LN : [1. 0. 0. 0. 0. 0. 0. 0. 0. 0. 0. 0. 0. 0. 0. 0. 0. 0. 0. 0.]
	 RN : [1. 1. 1. 1. 1. 1. 1. 1. 1. 1. 1. 1. 1. 1. 1. 1. 1. 1. 1. 1.]
	 Queue Understanding : deque([1, 2, 3])
51:24: I'm 0 and it adds 4 to the queue. Queue after adding: deque([1, 2, 3, 4]).
	 LN : [1. 0. 0. 0. 0. 0. 0. 0. 0. 0. 0. 0. 0. 0. 0. 0. 0. 0. 0. 0.]
	 RN : [1. 1. 1. 1. 1. 1. 1. 1. 1. 1. 1. 1. 1. 1. 1. 1. 1. 1. 1. 1.]
	 Queue Understanding : deque([1, 2, 3, 4])
51:24: I'm 0 and it adds 5 to the queue. Queue after adding: deque([1, 2, 3, 4, 5]).
	 LN : [1. 0. 0. 0. 0. 0. 0. 0. 0. 0. 0. 0. 0. 0. 0. 0. 0. 0. 0. 0.]
	 RN : [1. 1. 1. 1. 1. 1. 1. 1. 1. 1. 1. 1. 1. 1. 1. 1. 1. 1. 1. 1.]
	 Queue Understanding : deque([1, 2, 3, 4, 5])
51:24: I'm 0 and it adds 6 to the queue. Queue after adding: deque([1, 2, 3, 4, 5, 6]).
	 LN : [1. 0. 0. 0. 0. 0. 0. 0. 0. 0. 0. 0. 0. 0. 0. 0. 0. 0. 0. 0.]
	 RN : [1. 1. 1. 1. 1. 1. 1. 1. 1. 1. 1. 1. 1. 1. 1. 1. 1. 1. 1. 1.]
	 Queue Understanding : deque([1, 2, 3, 4, 5, 6])
51:24: I'm 0 and it adds 7 to the queue. Queue after adding: deque([1, 2, 3, 4, 5, 6, 7]).
	 LN : [1. 0. 0. 0. 0. 0. 0. 0. 0. 0. 0. 0. 0. 0. 0. 0. 0. 0. 0. 0.]
	 RN : [1. 1. 1. 1. 1. 1. 1. 1. 1. 1. 1. 1. 1. 1. 1. 1. 1. 1. 1. 1.]
	 Queue Understanding : deque([1, 2, 3, 4, 5, 6, 7])
51:24: I'm 0 and it adds 8 to the queue. Queue after adding: deque([1, 2, 3, 4, 5, 6, 7, 8]).
	 LN : [1. 0. 0. 0. 0. 0. 0. 0. 0. 0. 0. 0. 0. 0. 0. 0. 0. 0. 0. 0.]
	 RN : [1. 1. 1. 1. 1. 1. 1. 1. 1. 1. 1. 1. 1. 1. 1. 1. 1. 1. 1. 1.]
	 Queue Understanding : deque([1, 2, 3, 4, 5, 6, 7, 8])
51:24: I'm 0 and it adds 9 to the queue. Queue after adding: deque([1, 2, 3, 4, 5, 6, 7, 8, 9]).
	 LN : [1. 0. 0. 0. 0. 0. 0. 0. 0. 0. 0. 0. 0. 0. 0. 0. 0. 0. 0. 0.]
	 RN : [1. 1. 1. 1. 1. 1. 1. 1. 1. 1. 1. 1. 1. 1. 1. 1. 1. 1. 1. 1.]
	 Queue Understanding : deque([1, 2, 3, 4, 5, 6, 7, 8, 9])
51:24: I'm 0 and it adds 10 to the queue. Queue after adding: deque([1, 2, 3, 4, 5, 6, 7, 8, 9, 10]).
	 LN : [1. 0. 0. 0. 0. 0. 0. 0. 0. 0. 0. 0. 0. 0. 0. 0. 0. 0. 0. 0.]
	 RN : [1. 1. 1. 1. 1. 1. 1. 1. 1. 1. 1. 1. 1. 1. 1. 1. 1. 1. 1. 1.]
	 Queue Understanding : deque([1, 2, 3, 4, 5, 6, 7, 8, 9, 10])
51:24: I'm 0 and it adds 11 to the queue. Queue after adding: deque([1, 2, 3, 4, 5, 6, 7, 8, 9, 10, 11]).
	 LN : [1. 0. 0. 0. 0. 0. 0. 0. 0. 0. 0. 0. 0. 0. 0. 0. 0. 0. 0. 0.]
	 RN : [1. 1. 1. 1. 1. 1. 1. 1. 1. 1. 1. 1. 1. 1. 1. 1. 1. 1. 1. 1.]
	 Queue Understanding : deque([1, 2, 3, 4, 5, 6, 7, 8, 9, 10, 11])
51:24: I'm 0 and it adds 12 to the queue. Queue after adding: deque([1, 2, 3, 4, 5, 6, 7, 8, 9, 10, 11, 12]).
	 LN : [1. 0. 0. 0. 0. 0. 0. 0. 0. 0. 0. 0. 0. 0. 0. 0. 0. 0. 0. 0.]
	 RN : [1. 1. 1. 1. 1. 1. 1. 1. 1. 1. 1. 1. 1. 1. 1. 1. 1. 1. 1. 1.]
	 Queue Understanding : deque([1, 2, 3, 4, 5, 6, 7, 8, 9, 10, 11, 12])
51:24: I'm 0 and it adds 13 to the queue. Queue after adding: deque([1, 2, 3, 4, 5, 6, 7, 8, 9, 10, 11, 12, 13]).
	 LN : [1. 0. 0. 0. 0. 0. 0. 0. 0. 0. 0. 0. 0. 0. 0. 0. 0. 0. 0. 0.]
	 RN : [1. 1. 1. 1. 1. 1. 1. 1. 1. 1. 1. 1. 1. 1. 1. 1. 1. 1. 1. 1.]
	 Queue Understanding : deque([1, 2, 3, 4, 5, 6, 7, 8, 9, 10, 11, 12, 13])
51:24: I'm 0 and it adds 14 to the queue. Queue after adding: deque([1, 2, 3, 4, 5, 6, 7, 8, 9, 10, 11, 12, 13, 14]).
	 LN : [1. 0. 0. 0. 0. 0. 0. 0. 0. 0. 0. 0. 0. 0. 0. 0. 0. 0. 0. 0.]
	 RN : [1. 1. 1. 1. 1. 1. 1. 1. 1. 1. 1. 1. 1. 1. 1. 1. 1. 1. 1. 1.]
	 Queue Understanding : deque([1, 2, 3, 4, 5, 6, 7, 8, 9, 10, 11, 12, 13, 14])
51:24: I'm 0 and it adds 15 to the queue. Queue after adding: deque([1, 2, 3, 4, 5, 6, 7, 8, 9, 10, 11, 12, 13, 14, 15]).
	 LN : [1. 0. 0. 0. 0. 0. 0. 0. 0. 0. 0. 0. 0. 0. 0. 0. 0. 0. 0. 0.]
	 RN : [1. 1. 1. 1. 1. 1. 1. 1. 1. 1. 1. 1. 1. 1. 1. 1. 1. 1. 1. 1.]
	 Queue Understanding : deque([1, 2, 3, 4, 5, 6, 7, 8, 9, 10, 11, 12, 13, 14, 15])
51:24: I'm 0 and it adds 16 to the queue. Queue after adding: deque([1, 2, 3, 4, 5, 6, 7, 8, 9, 10, 11, 12, 13, 14, 15, 16]).
	 LN : [1. 0. 0. 0. 0. 0. 0. 0. 0. 0. 0. 0. 0. 0. 0. 0. 0. 0. 0. 0.]
	 RN : [1. 1. 1. 1. 1. 1. 1. 1. 1. 1. 1. 1. 1. 1. 1. 1. 1. 1. 1. 1.]
	 Queue Understanding : deque([1, 2, 3, 4, 5, 6, 7, 8, 9, 10, 11, 12, 13, 14, 15, 16])
51:24: I'm 0 and it adds 17 to the queue. Queue after adding: deque([1, 2, 3, 4, 5, 6, 7, 8, 9, 10, 11, 12, 13, 14, 15, 16, 17]).
	 LN : [1. 0. 0. 0. 0. 0. 0. 0. 0. 0. 0. 0. 0. 0. 0. 0. 0. 0. 0. 0.]
	 RN : [1. 1. 1. 1. 1. 1. 1. 1. 1. 1. 1. 1. 1. 1. 1. 1. 1. 1. 1. 1.]
	 Queue Understanding : deque([1, 2, 3, 4, 5, 6, 7, 8, 9, 10, 11, 12, 13, 14, 15, 16, 17])
51:24: I'm 0 and it adds 18 to the queue. Queue after adding: deque([1, 2, 3, 4, 5, 6, 7, 8, 9, 10, 11, 12, 13, 14, 15, 16, 17, 18]).
	 LN : [1. 0. 0. 0. 0. 0. 0. 0. 0. 0. 0. 0. 0. 0. 0. 0. 0. 0. 0. 0.]
	 RN : [1. 1. 1. 1. 1. 1. 1. 1. 1. 1. 1. 1. 1. 1. 1. 1. 1. 1. 1. 1.]
	 Queue Understanding : deque([1, 2, 3, 4, 5, 6, 7, 8, 9, 10, 11, 12, 13, 14, 15, 16, 17, 18])
51:24: I'm 0 and it adds 19 to the queue. Queue after adding: deque([1, 2, 3, 4, 5, 6, 7, 8, 9, 10, 11, 12, 13, 14, 15, 16, 17, 18, 19]).
	 LN : [1. 0. 0. 0. 0. 0. 0. 0. 0. 0. 0. 0. 0. 0. 0. 0. 0. 0. 0. 0.]
	 RN : [1. 1. 1. 1. 1. 1. 1. 1. 1. 1. 1. 1. 1. 1. 1. 1. 1. 1. 1. 1.]
	 Queue Understanding : deque([1, 2, 3, 4, 5, 6, 7, 8, 9, 10, 11, 12, 13, 14, 15, 16, 17, 18, 19])
51:24: I'm 0 and sending the token to 1.
	 LN : [1. 0. 0. 0. 0. 0. 0. 0. 0. 0. 0. 0. 0. 0. 0. 0. 0. 0. 0. 0.]
	 RN : [1. 1. 1. 1. 1. 1. 1. 1. 1. 1. 1. 1. 1. 1. 1. 1. 1. 1. 1. 1.]
	 Queue Understanding : deque([2, 3, 4, 5, 6, 7, 8, 9, 10, 11, 12, 13, 14, 15, 16, 17, 18, 19])
51:26: I'm 0 and want a token for the 2 time.
	 LN : [1. 0. 0. 0. 0. 0. 0. 0. 0. 0. 0. 0. 0. 0. 0. 0. 0. 0. 0. 0.]
	 RN : [2. 1. 1. 1. 1. 1. 1. 1. 1. 1. 1. 1. 1. 1. 1. 1. 1. 1. 1. 1.]
	 Queue Understanding : deque([2, 3, 4, 5, 6, 7, 8, 9, 10, 11, 12, 13, 14, 15, 16, 17, 18, 19])
52:30: I'm 0 and I got a token.
	 LN : [1. 0. 0. 0. 0. 0. 0. 0. 0. 0. 0. 0. 0. 0. 0. 0. 0. 0. 0. 0.]
	 RN : [2. 2. 2. 2. 2. 2. 2. 2. 2. 2. 2. 2. 2. 2. 2. 2. 2. 2. 1. 1.]
	 Queue Understanding : deque([2, 3, 4, 5, 6, 7, 8, 9, 10, 11, 12, 13, 14, 15, 16, 17, 18, 19])
52:30: I am 0 and execute 2 CS.
	 LN : [1. 1. 1. 1. 1. 1. 1. 1. 1. 1. 1. 1. 1. 1. 1. 1. 1. 1. 1. 1.]
	 RN : [2. 2. 2. 2. 2. 2. 2. 2. 2. 2. 2. 2. 2. 2. 2. 2. 2. 2. 1. 1.]
	 Queue Understanding : deque([1, 2, 3, 4, 5, 6, 7, 8, 9, 10, 11, 12, 13, 14, 15, 16, 17])
52:34: I'm 0 and finished 2 CS.
	 LN : [1. 1. 1. 1. 1. 1. 1. 1. 1. 1. 1. 1. 1. 1. 1. 1. 1. 1. 1. 1.]
	 RN : [2. 2. 2. 2. 2. 2. 2. 2. 2. 2. 2. 2. 2. 2. 2. 2. 2. 2. 1. 1.]
	 Queue Understanding : deque([1, 2, 3, 4, 5, 6, 7, 8, 9, 10, 11, 12, 13, 14, 15, 16, 17])
52:34: I'm 0 and sending the token to 1.
	 LN : [2. 1. 1. 1. 1. 1. 1. 1. 1. 1. 1. 1. 1. 1. 1. 1. 1. 1. 1. 1.]
	 RN : [2. 2. 2. 2. 2. 2. 2. 2. 2. 2. 2. 2. 2. 2. 2. 2. 2. 2. 1. 1.]
	 Queue Understanding : deque([2, 3, 4, 5, 6, 7, 8, 9, 10, 11, 12, 13, 14, 15, 16, 17])
52:37: I'm 0 and want a token for the 3 time.
	 LN : [2. 1. 1. 1. 1. 1. 1. 1. 1. 1. 1. 1. 1. 1. 1. 1. 1. 1. 1. 1.]
	 RN : [3. 2. 2. 2. 2. 2. 2. 2. 2. 2. 2. 2. 2. 2. 2. 2. 2. 2. 2. 2.]
	 Queue Understanding : deque([2, 3, 4, 5, 6, 7, 8, 9, 10, 11, 12, 13, 14, 15, 16, 17])
53:39: I'm 0 and I got a token.
	 LN : [2. 1. 1. 1. 1. 1. 1. 1. 1. 1. 1. 1. 1. 1. 1. 1. 1. 1. 1. 1.]
	 RN : [3. 3. 3. 3. 3. 3. 3. 3. 3. 3. 3. 3. 3. 3. 3. 3. 3. 3. 3. 2.]
	 Queue Understanding : deque([2, 3, 4, 5, 6, 7, 8, 9, 10, 11, 12, 13, 14, 15, 16, 17])
53:39: I am 0 and execute 3 CS.
	 LN : [2. 2. 2. 2. 2. 2. 2. 2. 2. 2. 2. 2. 2. 2. 2. 2. 2. 2. 2. 2.]
	 RN : [3. 3. 3. 3. 3. 3. 3. 3. 3. 3. 3. 3. 3. 3. 3. 3. 3. 3. 3. 2.]
	 Queue Understanding : deque([1, 2, 3, 4, 5, 6, 7, 8, 9, 10, 11, 12, 13, 14, 15, 16])
53:42: I'm 0 and finished 3 CS.
	 LN : [2. 2. 2. 2. 2. 2. 2. 2. 2. 2. 2. 2. 2. 2. 2. 2. 2. 2. 2. 2.]
	 RN : [3. 3. 3. 3. 3. 3. 3. 3. 3. 3. 3. 3. 3. 3. 3. 3. 3. 3. 3. 2.]
	 Queue Understanding : deque([1, 2, 3, 4, 5, 6, 7, 8, 9, 10, 11, 12, 13, 14, 15, 16])
53:42: I'm 0 and it adds 17 to the queue. Queue after adding: deque([1, 2, 3, 4, 5, 6, 7, 8, 9, 10, 11, 12, 13, 14, 15, 16, 17]).
	 LN : [3. 2. 2. 2. 2. 2. 2. 2. 2. 2. 2. 2. 2. 2. 2. 2. 2. 2. 2. 2.]
	 RN : [3. 3. 3. 3. 3. 3. 3. 3. 3. 3. 3. 3. 3. 3. 3. 3. 3. 3. 3. 2.]
	 Queue Understanding : deque([1, 2, 3, 4, 5, 6, 7, 8, 9, 10, 11, 12, 13, 14, 15, 16, 17])
53:42: I'm 0 and it adds 18 to the queue. Queue after adding: deque([1, 2, 3, 4, 5, 6, 7, 8, 9, 10, 11, 12, 13, 14, 15, 16, 17, 18]).
	 LN : [3. 2. 2. 2. 2. 2. 2. 2. 2. 2. 2. 2. 2. 2. 2. 2. 2. 2. 2. 2.]
	 RN : [3. 3. 3. 3. 3. 3. 3. 3. 3. 3. 3. 3. 3. 3. 3. 3. 3. 3. 3. 2.]
	 Queue Understanding : deque([1, 2, 3, 4, 5, 6, 7, 8, 9, 10, 11, 12, 13, 14, 15, 16, 17, 18])
53:42: I'm 0 and sending the token to 1.
	 LN : [3. 2. 2. 2. 2. 2. 2. 2. 2. 2. 2. 2. 2. 2. 2. 2. 2. 2. 2. 2.]
	 RN : [3. 3. 3. 3. 3. 3. 3. 3. 3. 3. 3. 3. 3. 3. 3. 3. 3. 3. 3. 2.]
	 Queue Understanding : deque([2, 3, 4, 5, 6, 7, 8, 9, 10, 11, 12, 13, 14, 15, 16, 17, 18])
53:44: I'm 0 and want a token for the 4 time.
	 LN : [3. 2. 2. 2. 2. 2. 2. 2. 2. 2. 2. 2. 2. 2. 2. 2. 2. 2. 2. 2.]
	 RN : [4. 3. 3. 3. 3. 3. 3. 3. 3. 3. 3. 3. 3. 3. 3. 3. 3. 3. 3. 3.]
	 Queue Understanding : deque([2, 3, 4, 5, 6, 7, 8, 9, 10, 11, 12, 13, 14, 15, 16, 17, 18])
54:53: I'm 0 and I got a token.
	 LN : [3. 2. 2. 2. 2. 2. 2. 2. 2. 2. 2. 2. 2. 2. 2. 2. 2. 2. 2. 2.]
	 RN : [4. 4. 4. 4. 4. 4. 4. 4. 4. 4. 4. 4. 4. 4. 4. 4. 4. 4. 4. 3.]
	 Queue Understanding : deque([2, 3, 4, 5, 6, 7, 8, 9, 10, 11, 12, 13, 14, 15, 16, 17, 18])
54:53: I am 0 and execute 4 CS.
	 LN : [3. 3. 3. 3. 3. 3. 3. 3. 3. 3. 3. 3. 3. 3. 3. 3. 3. 3. 3. 3.]
	 RN : [4. 4. 4. 4. 4. 4. 4. 4. 4. 4. 4. 4. 4. 4. 4. 4. 4. 4. 4. 3.]
	 Queue Understanding : deque([1, 2, 3, 4, 5, 6, 7, 8, 9, 10, 11, 12, 13, 14, 15, 16, 17])
54:55: I'm 0 and finished 4 CS.
	 LN : [3. 3. 3. 3. 3. 3. 3. 3. 3. 3. 3. 3. 3. 3. 3. 3. 3. 3. 3. 3.]
	 RN : [4. 4. 4. 4. 4. 4. 4. 4. 4. 4. 4. 4. 4. 4. 4. 4. 4. 4. 4. 3.]
	 Queue Understanding : deque([1, 2, 3, 4, 5, 6, 7, 8, 9, 10, 11, 12, 13, 14, 15, 16, 17])
54:55: I'm 0 and it adds 18 to the queue. Queue after adding: deque([1, 2, 3, 4, 5, 6, 7, 8, 9, 10, 11, 12, 13, 14, 15, 16, 17, 18]).
	 LN : [4. 3. 3. 3. 3. 3. 3. 3. 3. 3. 3. 3. 3. 3. 3. 3. 3. 3. 3. 3.]
	 RN : [4. 4. 4. 4. 4. 4. 4. 4. 4. 4. 4. 4. 4. 4. 4. 4. 4. 4. 4. 3.]
	 Queue Understanding : deque([1, 2, 3, 4, 5, 6, 7, 8, 9, 10, 11, 12, 13, 14, 15, 16, 17, 18])
54:55: I'm 0 and sending the token to 1.
	 LN : [4. 3. 3. 3. 3. 3. 3. 3. 3. 3. 3. 3. 3. 3. 3. 3. 3. 3. 3. 3.]
	 RN : [4. 4. 4. 4. 4. 4. 4. 4. 4. 4. 4. 4. 4. 4. 4. 4. 4. 4. 4. 3.]
	 Queue Understanding : deque([2, 3, 4, 5, 6, 7, 8, 9, 10, 11, 12, 13, 14, 15, 16, 17, 18])
54:58: I'm 0 and want a token for the 5 time.
	 LN : [4. 3. 3. 3. 3. 3. 3. 3. 3. 3. 3. 3. 3. 3. 3. 3. 3. 3. 3. 3.]
	 RN : [5. 4. 4. 4. 4. 4. 4. 4. 4. 4. 4. 4. 4. 4. 4. 4. 4. 4. 4. 4.]
	 Queue Understanding : deque([2, 3, 4, 5, 6, 7, 8, 9, 10, 11, 12, 13, 14, 15, 16, 17, 18])
56:06: I'm 0 and I got a token.
	 LN : [4. 3. 3. 3. 3. 3. 3. 3. 3. 3. 3. 3. 3. 3. 3. 3. 3. 3. 3. 3.]
	 RN : [5. 5. 5. 5. 5. 5. 5. 5. 5. 5. 5. 5. 5. 5. 5. 5. 5. 5. 5. 4.]
	 Queue Understanding : deque([2, 3, 4, 5, 6, 7, 8, 9, 10, 11, 12, 13, 14, 15, 16, 17, 18])
56:06: I am 0 and execute 5 CS.
	 LN : [4. 4. 4. 4. 4. 4. 4. 4. 4. 4. 4. 4. 4. 4. 4. 4. 4. 4. 4. 4.]
	 RN : [5. 5. 5. 5. 5. 5. 5. 5. 5. 5. 5. 5. 5. 5. 5. 5. 5. 5. 5. 4.]
	 Queue Understanding : deque([1, 2, 3, 4, 5, 6, 7, 8, 9, 10, 11, 12, 13, 14, 15, 16, 17])
56:08: I'm 0 and finished 5 CS.
	 LN : [4. 4. 4. 4. 4. 4. 4. 4. 4. 4. 4. 4. 4. 4. 4. 4. 4. 4. 4. 4.]
	 RN : [5. 5. 5. 5. 5. 5. 5. 5. 5. 5. 5. 5. 5. 5. 5. 5. 5. 5. 5. 4.]
	 Queue Understanding : deque([1, 2, 3, 4, 5, 6, 7, 8, 9, 10, 11, 12, 13, 14, 15, 16, 17])
56:08: I'm 0 and it adds 18 to the queue. Queue after adding: deque([1, 2, 3, 4, 5, 6, 7, 8, 9, 10, 11, 12, 13, 14, 15, 16, 17, 18]).
	 LN : [5. 4. 4. 4. 4. 4. 4. 4. 4. 4. 4. 4. 4. 4. 4. 4. 4. 4. 4. 4.]
	 RN : [5. 5. 5. 5. 5. 5. 5. 5. 5. 5. 5. 5. 5. 5. 5. 5. 5. 5. 5. 4.]
	 Queue Understanding : deque([1, 2, 3, 4, 5, 6, 7, 8, 9, 10, 11, 12, 13, 14, 15, 16, 17, 18])
56:08: I'm 0 and sending the token to 1.
	 LN : [5. 4. 4. 4. 4. 4. 4. 4. 4. 4. 4. 4. 4. 4. 4. 4. 4. 4. 4. 4.]
	 RN : [5. 5. 5. 5. 5. 5. 5. 5. 5. 5. 5. 5. 5. 5. 5. 5. 5. 5. 5. 4.]
	 Queue Understanding : deque([2, 3, 4, 5, 6, 7, 8, 9, 10, 11, 12, 13, 14, 15, 16, 17, 18])
56:11: I'm 0 and want a token for the 6 time.
	 LN : [5. 4. 4. 4. 4. 4. 4. 4. 4. 4. 4. 4. 4. 4. 4. 4. 4. 4. 4. 4.]
	 RN : [6. 5. 5. 5. 5. 5. 5. 5. 5. 5. 5. 5. 5. 5. 5. 5. 5. 5. 5. 5.]
	 Queue Understanding : deque([2, 3, 4, 5, 6, 7, 8, 9, 10, 11, 12, 13, 14, 15, 16, 17, 18])
57:15: I'm 0 and I got a token.
	 LN : [5. 4. 4. 4. 4. 4. 4. 4. 4. 4. 4. 4. 4. 4. 4. 4. 4. 4. 4. 4.]
	 RN : [6. 6. 6. 6. 6. 6. 6. 6. 6. 6. 6. 6. 6. 6. 6. 6. 6. 6. 5. 5.]
	 Queue Understanding : deque([2, 3, 4, 5, 6, 7, 8, 9, 10, 11, 12, 13, 14, 15, 16, 17, 18])
57:15: I am 0 and execute 6 CS.
	 LN : [5. 5. 5. 5. 5. 5. 5. 5. 5. 5. 5. 5. 5. 5. 5. 5. 5. 5. 5. 5.]
	 RN : [6. 6. 6. 6. 6. 6. 6. 6. 6. 6. 6. 6. 6. 6. 6. 6. 6. 6. 5. 5.]
	 Queue Understanding : deque([1, 2, 3, 4, 5, 6, 7, 8, 9, 10, 11, 12, 13, 14, 15, 16, 17])
57:18: I'm 0 and finished 6 CS.
	 LN : [5. 5. 5. 5. 5. 5. 5. 5. 5. 5. 5. 5. 5. 5. 5. 5. 5. 5. 5. 5.]
	 RN : [6. 6. 6. 6. 6. 6. 6. 6. 6. 6. 6. 6. 6. 6. 6. 6. 6. 6. 5. 5.]
	 Queue Understanding : deque([1, 2, 3, 4, 5, 6, 7, 8, 9, 10, 11, 12, 13, 14, 15, 16, 17])
57:18: I'm 0 and sending the token to 1.
	 LN : [6. 5. 5. 5. 5. 5. 5. 5. 5. 5. 5. 5. 5. 5. 5. 5. 5. 5. 5. 5.]
	 RN : [6. 6. 6. 6. 6. 6. 6. 6. 6. 6. 6. 6. 6. 6. 6. 6. 6. 6. 5. 5.]
	 Queue Understanding : deque([2, 3, 4, 5, 6, 7, 8, 9, 10, 11, 12, 13, 14, 15, 16, 17])
57:20: I'm 0 and want a token for the 7 time.
	 LN : [6. 5. 5. 5. 5. 5. 5. 5. 5. 5. 5. 5. 5. 5. 5. 5. 5. 5. 5. 5.]
	 RN : [7. 6. 6. 6. 6. 6. 6. 6. 6. 6. 6. 6. 6. 6. 6. 6. 6. 6. 6. 6.]
	 Queue Understanding : deque([2, 3, 4, 5, 6, 7, 8, 9, 10, 11, 12, 13, 14, 15, 16, 17])
58:24: I'm 0 and I got a token.
	 LN : [6. 5. 5. 5. 5. 5. 5. 5. 5. 5. 5. 5. 5. 5. 5. 5. 5. 5. 5. 5.]
	 RN : [7. 7. 7. 7. 7. 7. 7. 7. 7. 7. 7. 7. 7. 7. 7. 7. 7. 7. 6. 6.]
	 Queue Understanding : deque([2, 3, 4, 5, 6, 7, 8, 9, 10, 11, 12, 13, 14, 15, 16, 17])
58:24: I am 0 and execute 7 CS.
	 LN : [6. 6. 6. 6. 6. 6. 6. 6. 6. 6. 6. 6. 6. 6. 6. 6. 6. 6. 6. 5.]
	 RN : [7. 7. 7. 7. 7. 7. 7. 7. 7. 7. 7. 7. 7. 7. 7. 7. 7. 7. 6. 6.]
	 Queue Understanding : deque([19, 1, 2, 3, 4, 5, 6, 7, 8, 9, 10, 11, 12, 13, 14, 15, 16])
58:28: I'm 0 and finished 7 CS.
	 LN : [6. 6. 6. 6. 6. 6. 6. 6. 6. 6. 6. 6. 6. 6. 6. 6. 6. 6. 6. 5.]
	 RN : [7. 7. 7. 7. 7. 7. 7. 7. 7. 7. 7. 7. 7. 7. 7. 7. 7. 7. 6. 6.]
	 Queue Understanding : deque([19, 1, 2, 3, 4, 5, 6, 7, 8, 9, 10, 11, 12, 13, 14, 15, 16])
58:28: I'm 0 and it adds 17 to the queue. Queue after adding: deque([19, 1, 2, 3, 4, 5, 6, 7, 8, 9, 10, 11, 12, 13, 14, 15, 16, 17]).
	 LN : [7. 6. 6. 6. 6. 6. 6. 6. 6. 6. 6. 6. 6. 6. 6. 6. 6. 6. 6. 5.]
	 RN : [7. 7. 7. 7. 7. 7. 7. 7. 7. 7. 7. 7. 7. 7. 7. 7. 7. 7. 6. 6.]
	 Queue Understanding : deque([19, 1, 2, 3, 4, 5, 6, 7, 8, 9, 10, 11, 12, 13, 14, 15, 16, 17])
58:28: I'm 0 and sending the token to 19.
	 LN : [7. 6. 6. 6. 6. 6. 6. 6. 6. 6. 6. 6. 6. 6. 6. 6. 6. 6. 6. 5.]
	 RN : [7. 7. 7. 7. 7. 7. 7. 7. 7. 7. 7. 7. 7. 7. 7. 7. 7. 7. 6. 6.]
	 Queue Understanding : deque([1, 2, 3, 4, 5, 6, 7, 8, 9, 10, 11, 12, 13, 14, 15, 16, 17])
58:30: I'm 0 and want a token for the 8 time.
	 LN : [7. 6. 6. 6. 6. 6. 6. 6. 6. 6. 6. 6. 6. 6. 6. 6. 6. 6. 6. 5.]
	 RN : [8. 7. 7. 7. 7. 7. 7. 7. 7. 7. 7. 7. 7. 7. 7. 7. 7. 7. 7. 6.]
	 Queue Understanding : deque([1, 2, 3, 4, 5, 6, 7, 8, 9, 10, 11, 12, 13, 14, 15, 16, 17])
59:35: I'm 0 and I got a token.
	 LN : [7. 6. 6. 6. 6. 6. 6. 6. 6. 6. 6. 6. 6. 6. 6. 6. 6. 6. 6. 5.]
	 RN : [8. 8. 8. 8. 8. 8. 8. 8. 8. 8. 8. 8. 8. 8. 8. 8. 8. 8. 7. 7.]
	 Queue Understanding : deque([1, 2, 3, 4, 5, 6, 7, 8, 9, 10, 11, 12, 13, 14, 15, 16, 17])
59:35: I am 0 and execute 8 CS.
	 LN : [7. 7. 7. 7. 7. 7. 7. 7. 7. 7. 7. 7. 7. 7. 7. 7. 7. 7. 7. 6.]
	 RN : [8. 8. 8. 8. 8. 8. 8. 8. 8. 8. 8. 8. 8. 8. 8. 8. 8. 8. 7. 7.]
	 Queue Understanding : deque([19, 1, 2, 3, 4, 5, 6, 7, 8, 9, 10, 11, 12, 13, 14, 15, 16])
59:39: I'm 0 and finished 8 CS.
	 LN : [7. 7. 7. 7. 7. 7. 7. 7. 7. 7. 7. 7. 7. 7. 7. 7. 7. 7. 7. 6.]
	 RN : [8. 8. 8. 8. 8. 8. 8. 8. 8. 8. 8. 8. 8. 8. 8. 8. 8. 8. 7. 7.]
	 Queue Understanding : deque([19, 1, 2, 3, 4, 5, 6, 7, 8, 9, 10, 11, 12, 13, 14, 15, 16])
59:39: I'm 0 and it adds 17 to the queue. Queue after adding: deque([19, 1, 2, 3, 4, 5, 6, 7, 8, 9, 10, 11, 12, 13, 14, 15, 16, 17]).
	 LN : [8. 7. 7. 7. 7. 7. 7. 7. 7. 7. 7. 7. 7. 7. 7. 7. 7. 7. 7. 6.]
	 RN : [8. 8. 8. 8. 8. 8. 8. 8. 8. 8. 8. 8. 8. 8. 8. 8. 8. 8. 7. 7.]
	 Queue Understanding : deque([19, 1, 2, 3, 4, 5, 6, 7, 8, 9, 10, 11, 12, 13, 14, 15, 16, 17])
59:39: I'm 0 and sending the token to 19.
	 LN : [8. 7. 7. 7. 7. 7. 7. 7. 7. 7. 7. 7. 7. 7. 7. 7. 7. 7. 7. 6.]
	 RN : [8. 8. 8. 8. 8. 8. 8. 8. 8. 8. 8. 8. 8. 8. 8. 8. 8. 8. 7. 7.]
	 Queue Understanding : deque([1, 2, 3, 4, 5, 6, 7, 8, 9, 10, 11, 12, 13, 14, 15, 16, 17])
59:41: I'm 0 and want a token for the 9 time.
	 LN : [8. 7. 7. 7. 7. 7. 7. 7. 7. 7. 7. 7. 7. 7. 7. 7. 7. 7. 7. 6.]
	 RN : [9. 8. 8. 8. 8. 8. 8. 8. 8. 8. 8. 8. 8. 8. 8. 8. 8. 8. 8. 7.]
	 Queue Understanding : deque([1, 2, 3, 4, 5, 6, 7, 8, 9, 10, 11, 12, 13, 14, 15, 16, 17])
00:41: I'm 0 and I got a token.
	 LN : [8. 7. 7. 7. 7. 7. 7. 7. 7. 7. 7. 7. 7. 7. 7. 7. 7. 7. 7. 6.]
	 RN : [9. 9. 9. 9. 9. 9. 9. 9. 9. 9. 9. 9. 9. 9. 9. 9. 9. 9. 8. 8.]
	 Queue Understanding : deque([1, 2, 3, 4, 5, 6, 7, 8, 9, 10, 11, 12, 13, 14, 15, 16, 17])
00:41: I am 0 and execute 9 CS.
	 LN : [8. 8. 8. 8. 8. 8. 8. 8. 8. 8. 8. 8. 8. 8. 8. 8. 8. 8. 8. 7.]
	 RN : [9. 9. 9. 9. 9. 9. 9. 9. 9. 9. 9. 9. 9. 9. 9. 9. 9. 9. 8. 8.]
	 Queue Understanding : deque([19, 1, 2, 3, 4, 5, 6, 7, 8, 9, 10, 11, 12, 13, 14, 15, 16])
00:44: I'm 0 and finished 9 CS.
	 LN : [8. 8. 8. 8. 8. 8. 8. 8. 8. 8. 8. 8. 8. 8. 8. 8. 8. 8. 8. 7.]
	 RN : [9. 9. 9. 9. 9. 9. 9. 9. 9. 9. 9. 9. 9. 9. 9. 9. 9. 9. 8. 8.]
	 Queue Understanding : deque([19, 1, 2, 3, 4, 5, 6, 7, 8, 9, 10, 11, 12, 13, 14, 15, 16])
00:44: I'm 0 and it adds 17 to the queue. Queue after adding: deque([19, 1, 2, 3, 4, 5, 6, 7, 8, 9, 10, 11, 12, 13, 14, 15, 16, 17]).
	 LN : [9. 8. 8. 8. 8. 8. 8. 8. 8. 8. 8. 8. 8. 8. 8. 8. 8. 8. 8. 7.]
	 RN : [9. 9. 9. 9. 9. 9. 9. 9. 9. 9. 9. 9. 9. 9. 9. 9. 9. 9. 8. 8.]
	 Queue Understanding : deque([19, 1, 2, 3, 4, 5, 6, 7, 8, 9, 10, 11, 12, 13, 14, 15, 16, 17])
00:44: I'm 0 and sending the token to 19.
	 LN : [9. 8. 8. 8. 8. 8. 8. 8. 8. 8. 8. 8. 8. 8. 8. 8. 8. 8. 8. 7.]
	 RN : [9. 9. 9. 9. 9. 9. 9. 9. 9. 9. 9. 9. 9. 9. 9. 9. 9. 9. 8. 8.]
	 Queue Understanding : deque([1, 2, 3, 4, 5, 6, 7, 8, 9, 10, 11, 12, 13, 14, 15, 16, 17])
00:47: I'm 0 and want a token for the 10 time.
	 LN : [9. 8. 8. 8. 8. 8. 8. 8. 8. 8. 8. 8. 8. 8. 8. 8. 8. 8. 8. 7.]
	 RN : [10.  9.  9.  9.  9.  9.  9.  9.  9.  9.  9.  9.  9.  9.  9.  9.  9.  9.
  9.  8.]
	 Queue Understanding : deque([1, 2, 3, 4, 5, 6, 7, 8, 9, 10, 11, 12, 13, 14, 15, 16, 17])
02:01: I'm 0 and I got a token.
	 LN : [9. 8. 8. 8. 8. 8. 8. 8. 8. 8. 8. 8. 8. 8. 8. 8. 8. 8. 8. 7.]
	 RN : [10. 10. 10. 10. 10. 10. 10. 10. 10. 10. 10. 10. 10. 10. 10. 10. 10.  9.
  9.  9.]
	 Queue Understanding : deque([1, 2, 3, 4, 5, 6, 7, 8, 9, 10, 11, 12, 13, 14, 15, 16, 17])
02:01: I am 0 and execute 10 CS.
	 LN : [9. 9. 9. 9. 9. 9. 9. 9. 9. 9. 9. 9. 9. 9. 9. 9. 9. 9. 9. 8.]
	 RN : [10. 10. 10. 10. 10. 10. 10. 10. 10. 10. 10. 10. 10. 10. 10. 10. 10.  9.
  9.  9.]
	 Queue Understanding : deque([19, 1, 2, 3, 4, 5, 6, 7, 8, 9, 10, 11, 12, 13, 14, 15, 16])
02:03: I'm 0 and finished 10 CS.
	 LN : [9. 9. 9. 9. 9. 9. 9. 9. 9. 9. 9. 9. 9. 9. 9. 9. 9. 9. 9. 8.]
	 RN : [10. 10. 10. 10. 10. 10. 10. 10. 10. 10. 10. 10. 10. 10. 10. 10. 10.  9.
  9.  9.]
	 Queue Understanding : deque([19, 1, 2, 3, 4, 5, 6, 7, 8, 9, 10, 11, 12, 13, 14, 15, 16])
02:03: I'm 0 and sending the token to 19.
	 LN : [10.  9.  9.  9.  9.  9.  9.  9.  9.  9.  9.  9.  9.  9.  9.  9.  9.  9.
  9.  8.]
	 RN : [10. 10. 10. 10. 10. 10. 10. 10. 10. 10. 10. 10. 10. 10. 10. 10. 10.  9.
  9.  9.]
	 Queue Understanding : deque([1, 2, 3, 4, 5, 6, 7, 8, 9, 10, 11, 12, 13, 14, 15, 16])
02:04: I'm 0 and want a token for the 11 time.
	 LN : [10.  9.  9.  9.  9.  9.  9.  9.  9.  9.  9.  9.  9.  9.  9.  9.  9.  9.
  9.  8.]
	 RN : [11. 10. 10. 10. 10. 10. 10. 10. 10. 10. 10. 10. 10. 10. 10. 10. 10. 10.
 10.  9.]
	 Queue Understanding : deque([1, 2, 3, 4, 5, 6, 7, 8, 9, 10, 11, 12, 13, 14, 15, 16])
03:14: I'm 0 and I got a token.
	 LN : [10.  9.  9.  9.  9.  9.  9.  9.  9.  9.  9.  9.  9.  9.  9.  9.  9.  9.
  9.  8.]
	 RN : [11. 11. 11. 11. 11. 11. 11. 11. 11. 11. 11. 11. 11. 11. 11. 11. 11. 10.
 10. 10.]
	 Queue Understanding : deque([1, 2, 3, 4, 5, 6, 7, 8, 9, 10, 11, 12, 13, 14, 15, 16])
03:14: I am 0 and execute 11 CS.
	 LN : [10. 10. 10. 10. 10. 10. 10. 10. 10. 10. 10. 10. 10. 10. 10. 10. 10. 10.
 10.  9.]
	 RN : [11. 11. 11. 11. 11. 11. 11. 11. 11. 11. 11. 11. 11. 11. 11. 11. 11. 10.
 10. 10.]
	 Queue Understanding : deque([19, 1, 2, 3, 4, 5, 6, 7, 8, 9, 10, 11, 12, 13, 14, 15, 16])
03:16: I'm 0 and finished 11 CS.
	 LN : [10. 10. 10. 10. 10. 10. 10. 10. 10. 10. 10. 10. 10. 10. 10. 10. 10. 10.
 10.  9.]
	 RN : [11. 11. 11. 11. 11. 11. 11. 11. 11. 11. 11. 11. 11. 11. 11. 11. 11. 10.
 10. 10.]
	 Queue Understanding : deque([19, 1, 2, 3, 4, 5, 6, 7, 8, 9, 10, 11, 12, 13, 14, 15, 16])
03:16: I'm 0 and sending the token to 19.
	 LN : [11. 10. 10. 10. 10. 10. 10. 10. 10. 10. 10. 10. 10. 10. 10. 10. 10. 10.
 10.  9.]
	 RN : [11. 11. 11. 11. 11. 11. 11. 11. 11. 11. 11. 11. 11. 11. 11. 11. 11. 10.
 10. 10.]
	 Queue Understanding : deque([1, 2, 3, 4, 5, 6, 7, 8, 9, 10, 11, 12, 13, 14, 15, 16])
03:18: I'm 0 and want a token for the 12 time.
	 LN : [11. 10. 10. 10. 10. 10. 10. 10. 10. 10. 10. 10. 10. 10. 10. 10. 10. 10.
 10.  9.]
	 RN : [12. 11. 11. 11. 11. 11. 11. 11. 11. 11. 11. 11. 11. 11. 11. 11. 11. 11.
 11. 10.]
	 Queue Understanding : deque([1, 2, 3, 4, 5, 6, 7, 8, 9, 10, 11, 12, 13, 14, 15, 16])
04:22: I'm 0 and I got a token.
	 LN : [11. 10. 10. 10. 10. 10. 10. 10. 10. 10. 10. 10. 10. 10. 10. 10. 10. 10.
 10.  9.]
	 RN : [12. 12. 12. 12. 12. 12. 12. 12. 12. 12. 12. 12. 12. 12. 12. 12. 12. 11.
 11. 11.]
	 Queue Understanding : deque([1, 2, 3, 4, 5, 6, 7, 8, 9, 10, 11, 12, 13, 14, 15, 16])
04:22: I am 0 and execute 12 CS.
	 LN : [11. 11. 11. 11. 11. 11. 11. 11. 11. 11. 11. 11. 11. 11. 11. 11. 11. 11.
 10. 10.]
	 RN : [12. 12. 12. 12. 12. 12. 12. 12. 12. 12. 12. 12. 12. 12. 12. 12. 12. 11.
 11. 11.]
	 Queue Understanding : deque([18, 19, 1, 2, 3, 4, 5, 6, 7, 8, 9, 10, 11, 12, 13, 14, 15])
04:25: I'm 0 and finished 12 CS.
	 LN : [11. 11. 11. 11. 11. 11. 11. 11. 11. 11. 11. 11. 11. 11. 11. 11. 11. 11.
 10. 10.]
	 RN : [12. 12. 12. 12. 12. 12. 12. 12. 12. 12. 12. 12. 12. 12. 12. 12. 12. 11.
 11. 11.]
	 Queue Understanding : deque([18, 19, 1, 2, 3, 4, 5, 6, 7, 8, 9, 10, 11, 12, 13, 14, 15])
04:25: I'm 0 and it adds 16 to the queue. Queue after adding: deque([18, 19, 1, 2, 3, 4, 5, 6, 7, 8, 9, 10, 11, 12, 13, 14, 15, 16]).
	 LN : [12. 11. 11. 11. 11. 11. 11. 11. 11. 11. 11. 11. 11. 11. 11. 11. 11. 11.
 10. 10.]
	 RN : [12. 12. 12. 12. 12. 12. 12. 12. 12. 12. 12. 12. 12. 12. 12. 12. 12. 11.
 11. 11.]
	 Queue Understanding : deque([18, 19, 1, 2, 3, 4, 5, 6, 7, 8, 9, 10, 11, 12, 13, 14, 15, 16])
04:25: I'm 0 and sending the token to 18.
	 LN : [12. 11. 11. 11. 11. 11. 11. 11. 11. 11. 11. 11. 11. 11. 11. 11. 11. 11.
 10. 10.]
	 RN : [12. 12. 12. 12. 12. 12. 12. 12. 12. 12. 12. 12. 12. 12. 12. 12. 12. 11.
 11. 11.]
	 Queue Understanding : deque([19, 1, 2, 3, 4, 5, 6, 7, 8, 9, 10, 11, 12, 13, 14, 15, 16])
04:27: I'm 0 and want a token for the 13 time.
	 LN : [12. 11. 11. 11. 11. 11. 11. 11. 11. 11. 11. 11. 11. 11. 11. 11. 11. 11.
 10. 10.]
	 RN : [13. 12. 12. 12. 12. 12. 12. 12. 12. 12. 12. 12. 12. 12. 12. 12. 12. 12.
 11. 11.]
	 Queue Understanding : deque([19, 1, 2, 3, 4, 5, 6, 7, 8, 9, 10, 11, 12, 13, 14, 15, 16])
05:32: I'm 0 and I got a token.
	 LN : [12. 11. 11. 11. 11. 11. 11. 11. 11. 11. 11. 11. 11. 11. 11. 11. 11. 11.
 10. 10.]
	 RN : [13. 13. 13. 13. 13. 13. 13. 13. 13. 13. 13. 13. 13. 13. 13. 13. 13. 12.
 12. 12.]
	 Queue Understanding : deque([19, 1, 2, 3, 4, 5, 6, 7, 8, 9, 10, 11, 12, 13, 14, 15, 16])
05:32: I am 0 and execute 13 CS.
	 LN : [12. 12. 12. 12. 12. 12. 12. 12. 12. 12. 12. 12. 12. 12. 12. 12. 12. 12.
 11. 11.]
	 RN : [13. 13. 13. 13. 13. 13. 13. 13. 13. 13. 13. 13. 13. 13. 13. 13. 13. 12.
 12. 12.]
	 Queue Understanding : deque([18, 19, 1, 2, 3, 4, 5, 6, 7, 8, 9, 10, 11, 12, 13, 14, 15])
05:35: I'm 0 and finished 13 CS.
	 LN : [12. 12. 12. 12. 12. 12. 12. 12. 12. 12. 12. 12. 12. 12. 12. 12. 12. 12.
 11. 11.]
	 RN : [13. 13. 13. 13. 13. 13. 13. 13. 13. 13. 13. 13. 13. 13. 13. 13. 13. 12.
 12. 12.]
	 Queue Understanding : deque([18, 19, 1, 2, 3, 4, 5, 6, 7, 8, 9, 10, 11, 12, 13, 14, 15])
05:35: I'm 0 and it adds 16 to the queue. Queue after adding: deque([18, 19, 1, 2, 3, 4, 5, 6, 7, 8, 9, 10, 11, 12, 13, 14, 15, 16]).
	 LN : [13. 12. 12. 12. 12. 12. 12. 12. 12. 12. 12. 12. 12. 12. 12. 12. 12. 12.
 11. 11.]
	 RN : [13. 13. 13. 13. 13. 13. 13. 13. 13. 13. 13. 13. 13. 13. 13. 13. 13. 12.
 12. 12.]
	 Queue Understanding : deque([18, 19, 1, 2, 3, 4, 5, 6, 7, 8, 9, 10, 11, 12, 13, 14, 15, 16])
05:35: I'm 0 and sending the token to 18.
	 LN : [13. 12. 12. 12. 12. 12. 12. 12. 12. 12. 12. 12. 12. 12. 12. 12. 12. 12.
 11. 11.]
	 RN : [13. 13. 13. 13. 13. 13. 13. 13. 13. 13. 13. 13. 13. 13. 13. 13. 13. 12.
 12. 12.]
	 Queue Understanding : deque([19, 1, 2, 3, 4, 5, 6, 7, 8, 9, 10, 11, 12, 13, 14, 15, 16])
05:38: I'm 0 and want a token for the 14 time.
	 LN : [13. 12. 12. 12. 12. 12. 12. 12. 12. 12. 12. 12. 12. 12. 12. 12. 12. 12.
 11. 11.]
	 RN : [14. 13. 13. 13. 13. 13. 13. 13. 13. 13. 13. 13. 13. 13. 13. 13. 13. 13.
 12. 12.]
	 Queue Understanding : deque([19, 1, 2, 3, 4, 5, 6, 7, 8, 9, 10, 11, 12, 13, 14, 15, 16])
06:46: I'm 0 and I got a token.
	 LN : [13. 12. 12. 12. 12. 12. 12. 12. 12. 12. 12. 12. 12. 12. 12. 12. 12. 12.
 11. 11.]
	 RN : [14. 14. 14. 14. 14. 14. 14. 14. 14. 14. 14. 14. 14. 14. 14. 14. 14. 13.
 13. 13.]
	 Queue Understanding : deque([19, 1, 2, 3, 4, 5, 6, 7, 8, 9, 10, 11, 12, 13, 14, 15, 16])
06:46: I am 0 and execute 14 CS.
	 LN : [13. 13. 13. 13. 13. 13. 13. 13. 13. 13. 13. 13. 13. 13. 13. 13. 13. 13.
 12. 12.]
	 RN : [14. 14. 14. 14. 14. 14. 14. 14. 14. 14. 14. 14. 14. 14. 14. 14. 14. 13.
 13. 13.]
	 Queue Understanding : deque([18, 19, 1, 2, 3, 4, 5, 6, 7, 8, 9, 10, 11, 12, 13, 14, 15])
06:48: I'm 0 and finished 14 CS.
	 LN : [13. 13. 13. 13. 13. 13. 13. 13. 13. 13. 13. 13. 13. 13. 13. 13. 13. 13.
 12. 12.]
	 RN : [14. 14. 14. 14. 14. 14. 14. 14. 14. 14. 14. 14. 14. 14. 14. 14. 14. 13.
 13. 13.]
	 Queue Understanding : deque([18, 19, 1, 2, 3, 4, 5, 6, 7, 8, 9, 10, 11, 12, 13, 14, 15])
06:48: I'm 0 and it adds 16 to the queue. Queue after adding: deque([18, 19, 1, 2, 3, 4, 5, 6, 7, 8, 9, 10, 11, 12, 13, 14, 15, 16]).
	 LN : [14. 13. 13. 13. 13. 13. 13. 13. 13. 13. 13. 13. 13. 13. 13. 13. 13. 13.
 12. 12.]
	 RN : [14. 14. 14. 14. 14. 14. 14. 14. 14. 14. 14. 14. 14. 14. 14. 14. 14. 13.
 13. 13.]
	 Queue Understanding : deque([18, 19, 1, 2, 3, 4, 5, 6, 7, 8, 9, 10, 11, 12, 13, 14, 15, 16])
06:48: I'm 0 and sending the token to 18.
	 LN : [14. 13. 13. 13. 13. 13. 13. 13. 13. 13. 13. 13. 13. 13. 13. 13. 13. 13.
 12. 12.]
	 RN : [14. 14. 14. 14. 14. 14. 14. 14. 14. 14. 14. 14. 14. 14. 14. 14. 14. 13.
 13. 13.]
	 Queue Understanding : deque([19, 1, 2, 3, 4, 5, 6, 7, 8, 9, 10, 11, 12, 13, 14, 15, 16])
06:50: I'm 0 and want a token for the 15 time.
	 LN : [14. 13. 13. 13. 13. 13. 13. 13. 13. 13. 13. 13. 13. 13. 13. 13. 13. 13.
 12. 12.]
	 RN : [15. 14. 14. 14. 14. 14. 14. 14. 14. 14. 14. 14. 14. 14. 14. 14. 14. 14.
 13. 13.]
	 Queue Understanding : deque([19, 1, 2, 3, 4, 5, 6, 7, 8, 9, 10, 11, 12, 13, 14, 15, 16])
07:59: I'm 0 and I got a token.
	 LN : [14. 13. 13. 13. 13. 13. 13. 13. 13. 13. 13. 13. 13. 13. 13. 13. 13. 13.
 12. 12.]
	 RN : [15. 15. 15. 15. 15. 15. 15. 15. 15. 15. 15. 15. 15. 15. 15. 15. 15. 14.
 14. 14.]
	 Queue Understanding : deque([19, 1, 2, 3, 4, 5, 6, 7, 8, 9, 10, 11, 12, 13, 14, 15, 16])
07:59: I am 0 and execute 15 CS.
	 LN : [14. 14. 14. 14. 14. 14. 14. 14. 14. 14. 14. 14. 14. 14. 14. 14. 14. 14.
 13. 13.]
	 RN : [15. 15. 15. 15. 15. 15. 15. 15. 15. 15. 15. 15. 15. 15. 15. 15. 15. 14.
 14. 14.]
	 Queue Understanding : deque([18, 19, 1, 2, 3, 4, 5, 6, 7, 8, 9, 10, 11, 12, 13, 14, 15])
08:01: I'm 0 and finished 15 CS.
	 LN : [14. 14. 14. 14. 14. 14. 14. 14. 14. 14. 14. 14. 14. 14. 14. 14. 14. 14.
 13. 13.]
	 RN : [15. 15. 15. 15. 15. 15. 15. 15. 15. 15. 15. 15. 15. 15. 15. 15. 15. 14.
 14. 14.]
	 Queue Understanding : deque([18, 19, 1, 2, 3, 4, 5, 6, 7, 8, 9, 10, 11, 12, 13, 14, 15])
08:01: I'm 0 and it adds 16 to the queue. Queue after adding: deque([18, 19, 1, 2, 3, 4, 5, 6, 7, 8, 9, 10, 11, 12, 13, 14, 15, 16]).
	 LN : [15. 14. 14. 14. 14. 14. 14. 14. 14. 14. 14. 14. 14. 14. 14. 14. 14. 14.
 13. 13.]
	 RN : [15. 15. 15. 15. 15. 15. 15. 15. 15. 15. 15. 15. 15. 15. 15. 15. 15. 14.
 14. 14.]
	 Queue Understanding : deque([18, 19, 1, 2, 3, 4, 5, 6, 7, 8, 9, 10, 11, 12, 13, 14, 15, 16])
08:01: I'm 0 and sending the token to 18.
	 LN : [15. 14. 14. 14. 14. 14. 14. 14. 14. 14. 14. 14. 14. 14. 14. 14. 14. 14.
 13. 13.]
	 RN : [15. 15. 15. 15. 15. 15. 15. 15. 15. 15. 15. 15. 15. 15. 15. 15. 15. 14.
 14. 14.]
	 Queue Understanding : deque([19, 1, 2, 3, 4, 5, 6, 7, 8, 9, 10, 11, 12, 13, 14, 15, 16])
08:04: I'm 0 and want a token for the 16 time.
	 LN : [15. 14. 14. 14. 14. 14. 14. 14. 14. 14. 14. 14. 14. 14. 14. 14. 14. 14.
 13. 13.]
	 RN : [16. 15. 15. 15. 15. 15. 15. 15. 15. 15. 15. 15. 15. 15. 15. 15. 15. 15.
 14. 14.]
	 Queue Understanding : deque([19, 1, 2, 3, 4, 5, 6, 7, 8, 9, 10, 11, 12, 13, 14, 15, 16])
09:09: I'm 0 and I got a token.
	 LN : [15. 14. 14. 14. 14. 14. 14. 14. 14. 14. 14. 14. 14. 14. 14. 14. 14. 14.
 13. 13.]
	 RN : [16. 16. 16. 16. 16. 16. 16. 16. 16. 16. 16. 16. 16. 16. 16. 16. 15. 15.
 15. 15.]
	 Queue Understanding : deque([19, 1, 2, 3, 4, 5, 6, 7, 8, 9, 10, 11, 12, 13, 14, 15, 16])
09:09: I am 0 and execute 16 CS.
	 LN : [15. 15. 15. 15. 15. 15. 15. 15. 15. 15. 15. 15. 15. 15. 15. 15. 15. 14.
 14. 14.]
	 RN : [16. 16. 16. 16. 16. 16. 16. 16. 16. 16. 16. 16. 16. 16. 16. 16. 15. 15.
 15. 15.]
	 Queue Understanding : deque([17, 18, 19, 1, 2, 3, 4, 5, 6, 7, 8, 9, 10, 11, 12, 13, 14])
09:12: I'm 0 and finished 16 CS.
	 LN : [15. 15. 15. 15. 15. 15. 15. 15. 15. 15. 15. 15. 15. 15. 15. 15. 15. 14.
 14. 14.]
	 RN : [16. 16. 16. 16. 16. 16. 16. 16. 16. 16. 16. 16. 16. 16. 16. 16. 15. 15.
 15. 15.]
	 Queue Understanding : deque([17, 18, 19, 1, 2, 3, 4, 5, 6, 7, 8, 9, 10, 11, 12, 13, 14])
09:12: I'm 0 and it adds 15 to the queue. Queue after adding: deque([17, 18, 19, 1, 2, 3, 4, 5, 6, 7, 8, 9, 10, 11, 12, 13, 14, 15]).
	 LN : [16. 15. 15. 15. 15. 15. 15. 15. 15. 15. 15. 15. 15. 15. 15. 15. 15. 14.
 14. 14.]
	 RN : [16. 16. 16. 16. 16. 16. 16. 16. 16. 16. 16. 16. 16. 16. 16. 16. 15. 15.
 15. 15.]
	 Queue Understanding : deque([17, 18, 19, 1, 2, 3, 4, 5, 6, 7, 8, 9, 10, 11, 12, 13, 14, 15])
09:12: I'm 0 and sending the token to 17.
	 LN : [16. 15. 15. 15. 15. 15. 15. 15. 15. 15. 15. 15. 15. 15. 15. 15. 15. 14.
 14. 14.]
	 RN : [16. 16. 16. 16. 16. 16. 16. 16. 16. 16. 16. 16. 16. 16. 16. 16. 15. 15.
 15. 15.]
	 Queue Understanding : deque([18, 19, 1, 2, 3, 4, 5, 6, 7, 8, 9, 10, 11, 12, 13, 14, 15])
09:14: I'm 0 and want a token for the 17 time.
	 LN : [16. 15. 15. 15. 15. 15. 15. 15. 15. 15. 15. 15. 15. 15. 15. 15. 15. 14.
 14. 14.]
	 RN : [17. 16. 16. 16. 16. 16. 16. 16. 16. 16. 16. 16. 16. 16. 16. 16. 16. 15.
 15. 15.]
	 Queue Understanding : deque([18, 19, 1, 2, 3, 4, 5, 6, 7, 8, 9, 10, 11, 12, 13, 14, 15])
10:20: I'm 0 and I got a token.
	 LN : [16. 15. 15. 15. 15. 15. 15. 15. 15. 15. 15. 15. 15. 15. 15. 15. 15. 14.
 14. 14.]
	 RN : [17. 17. 17. 17. 17. 17. 17. 17. 17. 17. 17. 17. 17. 17. 17. 17. 16. 16.
 16. 16.]
	 Queue Understanding : deque([18, 19, 1, 2, 3, 4, 5, 6, 7, 8, 9, 10, 11, 12, 13, 14, 15])
10:20: I am 0 and execute 17 CS.
	 LN : [16. 16. 16. 16. 16. 16. 16. 16. 16. 16. 16. 16. 16. 16. 16. 16. 16. 15.
 15. 15.]
	 RN : [17. 17. 17. 17. 17. 17. 17. 17. 17. 17. 17. 17. 17. 17. 17. 17. 16. 16.
 16. 16.]
	 Queue Understanding : deque([17, 18, 19, 1, 2, 3, 4, 5, 6, 7, 8, 9, 10, 11, 12, 13, 14])
10:25: I'm 0 and finished 17 CS.
	 LN : [16. 16. 16. 16. 16. 16. 16. 16. 16. 16. 16. 16. 16. 16. 16. 16. 16. 15.
 15. 15.]
	 RN : [17. 17. 17. 17. 17. 17. 17. 17. 17. 17. 17. 17. 17. 17. 17. 17. 16. 16.
 16. 16.]
	 Queue Understanding : deque([17, 18, 19, 1, 2, 3, 4, 5, 6, 7, 8, 9, 10, 11, 12, 13, 14])
10:25: I'm 0 and it adds 15 to the queue. Queue after adding: deque([17, 18, 19, 1, 2, 3, 4, 5, 6, 7, 8, 9, 10, 11, 12, 13, 14, 15]).
	 LN : [17. 16. 16. 16. 16. 16. 16. 16. 16. 16. 16. 16. 16. 16. 16. 16. 16. 15.
 15. 15.]
	 RN : [17. 17. 17. 17. 17. 17. 17. 17. 17. 17. 17. 17. 17. 17. 17. 17. 16. 16.
 16. 16.]
	 Queue Understanding : deque([17, 18, 19, 1, 2, 3, 4, 5, 6, 7, 8, 9, 10, 11, 12, 13, 14, 15])
10:25: I'm 0 and sending the token to 17.
	 LN : [17. 16. 16. 16. 16. 16. 16. 16. 16. 16. 16. 16. 16. 16. 16. 16. 16. 15.
 15. 15.]
	 RN : [17. 17. 17. 17. 17. 17. 17. 17. 17. 17. 17. 17. 17. 17. 17. 17. 16. 16.
 16. 16.]
	 Queue Understanding : deque([18, 19, 1, 2, 3, 4, 5, 6, 7, 8, 9, 10, 11, 12, 13, 14, 15])
10:27: I'm 0 and want a token for the 18 time.
	 LN : [17. 16. 16. 16. 16. 16. 16. 16. 16. 16. 16. 16. 16. 16. 16. 16. 16. 15.
 15. 15.]
	 RN : [18. 17. 17. 17. 17. 17. 17. 17. 17. 17. 17. 17. 17. 17. 17. 17. 17. 16.
 16. 16.]
	 Queue Understanding : deque([18, 19, 1, 2, 3, 4, 5, 6, 7, 8, 9, 10, 11, 12, 13, 14, 15])
11:35: I'm 0 and I got a token.
	 LN : [17. 16. 16. 16. 16. 16. 16. 16. 16. 16. 16. 16. 16. 16. 16. 16. 16. 15.
 15. 15.]
	 RN : [18. 18. 18. 18. 18. 18. 18. 18. 18. 18. 18. 18. 18. 18. 18. 18. 17. 17.
 17. 17.]
	 Queue Understanding : deque([18, 19, 1, 2, 3, 4, 5, 6, 7, 8, 9, 10, 11, 12, 13, 14, 15])
11:35: I am 0 and execute 18 CS.
	 LN : [17. 17. 17. 17. 17. 17. 17. 17. 17. 17. 17. 17. 17. 17. 17. 17. 17. 16.
 16. 16.]
	 RN : [18. 18. 18. 18. 18. 18. 18. 18. 18. 18. 18. 18. 18. 18. 18. 18. 17. 17.
 17. 17.]
	 Queue Understanding : deque([17, 18, 19, 1, 2, 3, 4, 5, 6, 7, 8, 9, 10, 11, 12, 13, 14])
11:39: I'm 0 and finished 18 CS.
	 LN : [17. 17. 17. 17. 17. 17. 17. 17. 17. 17. 17. 17. 17. 17. 17. 17. 17. 16.
 16. 16.]
	 RN : [18. 18. 18. 18. 18. 18. 18. 18. 18. 18. 18. 18. 18. 18. 18. 18. 17. 17.
 17. 17.]
	 Queue Understanding : deque([17, 18, 19, 1, 2, 3, 4, 5, 6, 7, 8, 9, 10, 11, 12, 13, 14])
11:39: I'm 0 and it adds 15 to the queue. Queue after adding: deque([17, 18, 19, 1, 2, 3, 4, 5, 6, 7, 8, 9, 10, 11, 12, 13, 14, 15]).
	 LN : [18. 17. 17. 17. 17. 17. 17. 17. 17. 17. 17. 17. 17. 17. 17. 17. 17. 16.
 16. 16.]
	 RN : [18. 18. 18. 18. 18. 18. 18. 18. 18. 18. 18. 18. 18. 18. 18. 18. 17. 17.
 17. 17.]
	 Queue Understanding : deque([17, 18, 19, 1, 2, 3, 4, 5, 6, 7, 8, 9, 10, 11, 12, 13, 14, 15])
11:39: I'm 0 and sending the token to 17.
	 LN : [18. 17. 17. 17. 17. 17. 17. 17. 17. 17. 17. 17. 17. 17. 17. 17. 17. 16.
 16. 16.]
	 RN : [18. 18. 18. 18. 18. 18. 18. 18. 18. 18. 18. 18. 18. 18. 18. 18. 17. 17.
 17. 17.]
	 Queue Understanding : deque([18, 19, 1, 2, 3, 4, 5, 6, 7, 8, 9, 10, 11, 12, 13, 14, 15])
11:40: I'm 0 and want a token for the 19 time.
	 LN : [18. 17. 17. 17. 17. 17. 17. 17. 17. 17. 17. 17. 17. 17. 17. 17. 17. 16.
 16. 16.]
	 RN : [19. 18. 18. 18. 18. 18. 18. 18. 18. 18. 18. 18. 18. 18. 18. 18. 18. 17.
 17. 17.]
	 Queue Understanding : deque([18, 19, 1, 2, 3, 4, 5, 6, 7, 8, 9, 10, 11, 12, 13, 14, 15])
12:42: I'm 0 and I got a token.
	 LN : [18. 17. 17. 17. 17. 17. 17. 17. 17. 17. 17. 17. 17. 17. 17. 17. 17. 16.
 16. 16.]
	 RN : [19. 19. 19. 19. 19. 19. 19. 19. 19. 19. 19. 19. 19. 19. 19. 19. 18. 18.
 18. 18.]
	 Queue Understanding : deque([18, 19, 1, 2, 3, 4, 5, 6, 7, 8, 9, 10, 11, 12, 13, 14, 15])
12:42: I am 0 and execute 19 CS.
	 LN : [18. 18. 18. 18. 18. 18. 18. 18. 18. 18. 18. 18. 18. 18. 18. 18. 18. 17.
 17. 17.]
	 RN : [19. 19. 19. 19. 19. 19. 19. 19. 19. 19. 19. 19. 19. 19. 19. 19. 18. 18.
 18. 18.]
	 Queue Understanding : deque([17, 18, 19, 1, 2, 3, 4, 5, 6, 7, 8, 9, 10, 11, 12, 13, 14])
12:45: I'm 0 and finished 19 CS.
	 LN : [18. 18. 18. 18. 18. 18. 18. 18. 18. 18. 18. 18. 18. 18. 18. 18. 18. 17.
 17. 17.]
	 RN : [19. 19. 19. 19. 19. 19. 19. 19. 19. 19. 19. 19. 19. 19. 19. 19. 18. 18.
 18. 18.]
	 Queue Understanding : deque([17, 18, 19, 1, 2, 3, 4, 5, 6, 7, 8, 9, 10, 11, 12, 13, 14])
12:45: I'm 0 and it adds 15 to the queue. Queue after adding: deque([17, 18, 19, 1, 2, 3, 4, 5, 6, 7, 8, 9, 10, 11, 12, 13, 14, 15]).
	 LN : [19. 18. 18. 18. 18. 18. 18. 18. 18. 18. 18. 18. 18. 18. 18. 18. 18. 17.
 17. 17.]
	 RN : [19. 19. 19. 19. 19. 19. 19. 19. 19. 19. 19. 19. 19. 19. 19. 19. 18. 18.
 18. 18.]
	 Queue Understanding : deque([17, 18, 19, 1, 2, 3, 4, 5, 6, 7, 8, 9, 10, 11, 12, 13, 14, 15])
12:45: I'm 0 and sending the token to 17.
	 LN : [19. 18. 18. 18. 18. 18. 18. 18. 18. 18. 18. 18. 18. 18. 18. 18. 18. 17.
 17. 17.]
	 RN : [19. 19. 19. 19. 19. 19. 19. 19. 19. 19. 19. 19. 19. 19. 19. 19. 18. 18.
 18. 18.]
	 Queue Understanding : deque([18, 19, 1, 2, 3, 4, 5, 6, 7, 8, 9, 10, 11, 12, 13, 14, 15])
12:47: I'm 0 and want a token for the 20 time.
	 LN : [19. 18. 18. 18. 18. 18. 18. 18. 18. 18. 18. 18. 18. 18. 18. 18. 18. 17.
 17. 17.]
	 RN : [20. 19. 19. 19. 19. 19. 19. 19. 19. 19. 19. 19. 19. 19. 19. 19. 19. 18.
 18. 18.]
	 Queue Understanding : deque([18, 19, 1, 2, 3, 4, 5, 6, 7, 8, 9, 10, 11, 12, 13, 14, 15])
13:48: I'm 0 and I got a token.
	 LN : [19. 18. 18. 18. 18. 18. 18. 18. 18. 18. 18. 18. 18. 18. 18. 18. 18. 17.
 17. 17.]
	 RN : [20. 20. 20. 20. 20. 20. 20. 20. 20. 20. 20. 20. 20. 20. 20. 19. 19. 19.
 19. 19.]
	 Queue Understanding : deque([18, 19, 1, 2, 3, 4, 5, 6, 7, 8, 9, 10, 11, 12, 13, 14, 15])
13:48: I am 0 and execute 20 CS.
	 LN : [19. 19. 19. 19. 19. 19. 19. 19. 19. 19. 19. 19. 19. 19. 19. 19. 19. 18.
 18. 18.]
	 RN : [20. 20. 20. 20. 20. 20. 20. 20. 20. 20. 20. 20. 20. 20. 20. 19. 19. 19.
 19. 19.]
	 Queue Understanding : deque([17, 18, 19, 1, 2, 3, 4, 5, 6, 7, 8, 9, 10, 11, 12, 13, 14])
13:52: I'm 0 and finished 20 CS.
	 LN : [19. 19. 19. 19. 19. 19. 19. 19. 19. 19. 19. 19. 19. 19. 19. 19. 19. 18.
 18. 18.]
	 RN : [20. 20. 20. 20. 20. 20. 20. 20. 20. 20. 20. 20. 20. 20. 20. 19. 19. 19.
 19. 19.]
	 Queue Understanding : deque([17, 18, 19, 1, 2, 3, 4, 5, 6, 7, 8, 9, 10, 11, 12, 13, 14])
13:52: I'm 0 and sending the token to 17.
	 LN : [20. 19. 19. 19. 19. 19. 19. 19. 19. 19. 19. 19. 19. 19. 19. 19. 19. 18.
 18. 18.]
	 RN : [20. 20. 20. 20. 20. 20. 20. 20. 20. 20. 20. 20. 20. 20. 20. 19. 19. 19.
 19. 19.]
	 Queue Understanding : deque([18, 19, 1, 2, 3, 4, 5, 6, 7, 8, 9, 10, 11, 12, 13, 14])
13:54: I'm 0 and want a token for the 21 time.
	 LN : [20. 19. 19. 19. 19. 19. 19. 19. 19. 19. 19. 19. 19. 19. 19. 19. 19. 18.
 18. 18.]
	 RN : [21. 20. 20. 20. 20. 20. 20. 20. 20. 20. 20. 20. 20. 20. 20. 20. 20. 19.
 19. 19.]
	 Queue Understanding : deque([18, 19, 1, 2, 3, 4, 5, 6, 7, 8, 9, 10, 11, 12, 13, 14])
14:56: I'm 0 and I got a token.
	 LN : [20. 19. 19. 19. 19. 19. 19. 19. 19. 19. 19. 19. 19. 19. 19. 19. 19. 18.
 18. 18.]
	 RN : [21. 21. 21. 21. 21. 21. 21. 21. 21. 21. 21. 21. 21. 21. 21. 21. 20. 20.
 20. 20.]
	 Queue Understanding : deque([18, 19, 1, 2, 3, 4, 5, 6, 7, 8, 9, 10, 11, 12, 13, 14])
14:56: I am 0 and execute 21 CS.
	 LN : [20. 20. 20. 20. 20. 20. 20. 20. 20. 20. 20. 20. 20. 20. 20. 20. 20. 19.
 19. 19.]
	 RN : [21. 21. 21. 21. 21. 21. 21. 21. 21. 21. 21. 21. 21. 21. 21. 21. 20. 20.
 20. 20.]
	 Queue Understanding : deque([17, 18, 19, 1, 2, 3, 4, 5, 6, 7, 8, 9, 10, 11, 12, 13, 14])
14:58: I'm 0 and finished 21 CS.
	 LN : [20. 20. 20. 20. 20. 20. 20. 20. 20. 20. 20. 20. 20. 20. 20. 20. 20. 19.
 19. 19.]
	 RN : [21. 21. 21. 21. 21. 21. 21. 21. 21. 21. 21. 21. 21. 21. 21. 21. 20. 20.
 20. 20.]
	 Queue Understanding : deque([17, 18, 19, 1, 2, 3, 4, 5, 6, 7, 8, 9, 10, 11, 12, 13, 14])
14:58: I'm 0 and it adds 15 to the queue. Queue after adding: deque([17, 18, 19, 1, 2, 3, 4, 5, 6, 7, 8, 9, 10, 11, 12, 13, 14, 15]).
	 LN : [21. 20. 20. 20. 20. 20. 20. 20. 20. 20. 20. 20. 20. 20. 20. 20. 20. 19.
 19. 19.]
	 RN : [21. 21. 21. 21. 21. 21. 21. 21. 21. 21. 21. 21. 21. 21. 21. 21. 20. 20.
 20. 20.]
	 Queue Understanding : deque([17, 18, 19, 1, 2, 3, 4, 5, 6, 7, 8, 9, 10, 11, 12, 13, 14, 15])
14:58: I'm 0 and sending the token to 17.
	 LN : [21. 20. 20. 20. 20. 20. 20. 20. 20. 20. 20. 20. 20. 20. 20. 20. 20. 19.
 19. 19.]
	 RN : [21. 21. 21. 21. 21. 21. 21. 21. 21. 21. 21. 21. 21. 21. 21. 21. 20. 20.
 20. 20.]
	 Queue Understanding : deque([18, 19, 1, 2, 3, 4, 5, 6, 7, 8, 9, 10, 11, 12, 13, 14, 15])
15:00: I'm 0 and want a token for the 22 time.
	 LN : [21. 20. 20. 20. 20. 20. 20. 20. 20. 20. 20. 20. 20. 20. 20. 20. 20. 19.
 19. 19.]
	 RN : [22. 21. 21. 21. 21. 21. 21. 21. 21. 21. 21. 21. 21. 21. 21. 21. 21. 20.
 20. 20.]
	 Queue Understanding : deque([18, 19, 1, 2, 3, 4, 5, 6, 7, 8, 9, 10, 11, 12, 13, 14, 15])
16:04: I'm 0 and I got a token.
	 LN : [21. 20. 20. 20. 20. 20. 20. 20. 20. 20. 20. 20. 20. 20. 20. 20. 20. 19.
 19. 19.]
	 RN : [22. 22. 22. 22. 22. 22. 22. 22. 22. 22. 22. 22. 22. 22. 22. 22. 21. 21.
 21. 21.]
	 Queue Understanding : deque([18, 19, 1, 2, 3, 4, 5, 6, 7, 8, 9, 10, 11, 12, 13, 14, 15])
16:04: I am 0 and execute 22 CS.
	 LN : [21. 21. 21. 21. 21. 21. 21. 21. 21. 21. 21. 21. 21. 21. 21. 21. 21. 20.
 20. 20.]
	 RN : [22. 22. 22. 22. 22. 22. 22. 22. 22. 22. 22. 22. 22. 22. 22. 22. 21. 21.
 21. 21.]
	 Queue Understanding : deque([17, 18, 19, 1, 2, 3, 4, 5, 6, 7, 8, 9, 10, 11, 12, 13, 14])
16:08: I'm 0 and finished 22 CS.
	 LN : [21. 21. 21. 21. 21. 21. 21. 21. 21. 21. 21. 21. 21. 21. 21. 21. 21. 20.
 20. 20.]
	 RN : [22. 22. 22. 22. 22. 22. 22. 22. 22. 22. 22. 22. 22. 22. 22. 22. 21. 21.
 21. 21.]
	 Queue Understanding : deque([17, 18, 19, 1, 2, 3, 4, 5, 6, 7, 8, 9, 10, 11, 12, 13, 14])
16:08: I'm 0 and it adds 15 to the queue. Queue after adding: deque([17, 18, 19, 1, 2, 3, 4, 5, 6, 7, 8, 9, 10, 11, 12, 13, 14, 15]).
	 LN : [22. 21. 21. 21. 21. 21. 21. 21. 21. 21. 21. 21. 21. 21. 21. 21. 21. 20.
 20. 20.]
	 RN : [22. 22. 22. 22. 22. 22. 22. 22. 22. 22. 22. 22. 22. 22. 22. 22. 21. 21.
 21. 21.]
	 Queue Understanding : deque([17, 18, 19, 1, 2, 3, 4, 5, 6, 7, 8, 9, 10, 11, 12, 13, 14, 15])
16:08: I'm 0 and sending the token to 17.
	 LN : [22. 21. 21. 21. 21. 21. 21. 21. 21. 21. 21. 21. 21. 21. 21. 21. 21. 20.
 20. 20.]
	 RN : [22. 22. 22. 22. 22. 22. 22. 22. 22. 22. 22. 22. 22. 22. 22. 22. 21. 21.
 21. 21.]
	 Queue Understanding : deque([18, 19, 1, 2, 3, 4, 5, 6, 7, 8, 9, 10, 11, 12, 13, 14, 15])
16:10: I'm 0 and want a token for the 23 time.
	 LN : [22. 21. 21. 21. 21. 21. 21. 21. 21. 21. 21. 21. 21. 21. 21. 21. 21. 20.
 20. 20.]
	 RN : [23. 22. 22. 22. 22. 22. 22. 22. 22. 22. 22. 22. 22. 22. 22. 22. 22. 21.
 21. 21.]
	 Queue Understanding : deque([18, 19, 1, 2, 3, 4, 5, 6, 7, 8, 9, 10, 11, 12, 13, 14, 15])
17:09: I'm 0 and I got a token.
	 LN : [22. 21. 21. 21. 21. 21. 21. 21. 21. 21. 21. 21. 21. 21. 21. 21. 21. 20.
 20. 20.]
	 RN : [23. 23. 23. 23. 23. 23. 23. 23. 23. 23. 23. 23. 23. 23. 23. 23. 22. 22.
 22. 22.]
	 Queue Understanding : deque([18, 19, 1, 2, 3, 4, 5, 6, 7, 8, 9, 10, 11, 12, 13, 14, 15])
17:09: I am 0 and execute 23 CS.
	 LN : [22. 22. 22. 22. 22. 22. 22. 22. 22. 22. 22. 22. 22. 22. 22. 22. 22. 21.
 21. 21.]
	 RN : [23. 23. 23. 23. 23. 23. 23. 23. 23. 23. 23. 23. 23. 23. 23. 23. 22. 22.
 22. 22.]
	 Queue Understanding : deque([17, 18, 19, 1, 2, 3, 4, 5, 6, 7, 8, 9, 10, 11, 12, 13, 14])
17:12: I'm 0 and finished 23 CS.
	 LN : [22. 22. 22. 22. 22. 22. 22. 22. 22. 22. 22. 22. 22. 22. 22. 22. 22. 21.
 21. 21.]
	 RN : [23. 23. 23. 23. 23. 23. 23. 23. 23. 23. 23. 23. 23. 23. 23. 23. 22. 22.
 22. 22.]
	 Queue Understanding : deque([17, 18, 19, 1, 2, 3, 4, 5, 6, 7, 8, 9, 10, 11, 12, 13, 14])
17:12: I'm 0 and it adds 15 to the queue. Queue after adding: deque([17, 18, 19, 1, 2, 3, 4, 5, 6, 7, 8, 9, 10, 11, 12, 13, 14, 15]).
	 LN : [23. 22. 22. 22. 22. 22. 22. 22. 22. 22. 22. 22. 22. 22. 22. 22. 22. 21.
 21. 21.]
	 RN : [23. 23. 23. 23. 23. 23. 23. 23. 23. 23. 23. 23. 23. 23. 23. 23. 22. 22.
 22. 22.]
	 Queue Understanding : deque([17, 18, 19, 1, 2, 3, 4, 5, 6, 7, 8, 9, 10, 11, 12, 13, 14, 15])
17:12: I'm 0 and sending the token to 17.
	 LN : [23. 22. 22. 22. 22. 22. 22. 22. 22. 22. 22. 22. 22. 22. 22. 22. 22. 21.
 21. 21.]
	 RN : [23. 23. 23. 23. 23. 23. 23. 23. 23. 23. 23. 23. 23. 23. 23. 23. 22. 22.
 22. 22.]
	 Queue Understanding : deque([18, 19, 1, 2, 3, 4, 5, 6, 7, 8, 9, 10, 11, 12, 13, 14, 15])
17:14: I'm 0 and want a token for the 24 time.
	 LN : [23. 22. 22. 22. 22. 22. 22. 22. 22. 22. 22. 22. 22. 22. 22. 22. 22. 21.
 21. 21.]
	 RN : [24. 23. 23. 23. 23. 23. 23. 23. 23. 23. 23. 23. 23. 23. 23. 23. 23. 22.
 22. 22.]
	 Queue Understanding : deque([18, 19, 1, 2, 3, 4, 5, 6, 7, 8, 9, 10, 11, 12, 13, 14, 15])
18:18: I'm 0 and I got a token.
	 LN : [23. 22. 22. 22. 22. 22. 22. 22. 22. 22. 22. 22. 22. 22. 22. 22. 22. 21.
 21. 21.]
	 RN : [24. 24. 24. 24. 24. 24. 24. 24. 24. 24. 24. 24. 24. 24. 24. 24. 23. 23.
 23. 23.]
	 Queue Understanding : deque([18, 19, 1, 2, 3, 4, 5, 6, 7, 8, 9, 10, 11, 12, 13, 14, 15])
18:18: I am 0 and execute 24 CS.
	 LN : [23. 23. 23. 23. 23. 23. 23. 23. 23. 23. 23. 23. 23. 23. 23. 23. 23. 22.
 22. 22.]
	 RN : [24. 24. 24. 24. 24. 24. 24. 24. 24. 24. 24. 24. 24. 24. 24. 24. 23. 23.
 23. 23.]
	 Queue Understanding : deque([17, 18, 19, 1, 2, 3, 4, 5, 6, 7, 8, 9, 10, 11, 12, 13, 14])
18:21: I'm 0 and finished 24 CS.
	 LN : [23. 23. 23. 23. 23. 23. 23. 23. 23. 23. 23. 23. 23. 23. 23. 23. 23. 22.
 22. 22.]
	 RN : [24. 24. 24. 24. 24. 24. 24. 24. 24. 24. 24. 24. 24. 24. 24. 24. 23. 23.
 23. 23.]
	 Queue Understanding : deque([17, 18, 19, 1, 2, 3, 4, 5, 6, 7, 8, 9, 10, 11, 12, 13, 14])
18:21: I'm 0 and it adds 15 to the queue. Queue after adding: deque([17, 18, 19, 1, 2, 3, 4, 5, 6, 7, 8, 9, 10, 11, 12, 13, 14, 15]).
	 LN : [24. 23. 23. 23. 23. 23. 23. 23. 23. 23. 23. 23. 23. 23. 23. 23. 23. 22.
 22. 22.]
	 RN : [24. 24. 24. 24. 24. 24. 24. 24. 24. 24. 24. 24. 24. 24. 24. 24. 23. 23.
 23. 23.]
	 Queue Understanding : deque([17, 18, 19, 1, 2, 3, 4, 5, 6, 7, 8, 9, 10, 11, 12, 13, 14, 15])
18:21: I'm 0 and sending the token to 17.
	 LN : [24. 23. 23. 23. 23. 23. 23. 23. 23. 23. 23. 23. 23. 23. 23. 23. 23. 22.
 22. 22.]
	 RN : [24. 24. 24. 24. 24. 24. 24. 24. 24. 24. 24. 24. 24. 24. 24. 24. 23. 23.
 23. 23.]
	 Queue Understanding : deque([18, 19, 1, 2, 3, 4, 5, 6, 7, 8, 9, 10, 11, 12, 13, 14, 15])
18:24: I'm 0 and want a token for the 25 time.
	 LN : [24. 23. 23. 23. 23. 23. 23. 23. 23. 23. 23. 23. 23. 23. 23. 23. 23. 22.
 22. 22.]
	 RN : [25. 24. 24. 24. 24. 24. 24. 24. 24. 24. 24. 24. 24. 24. 24. 24. 24. 23.
 23. 23.]
	 Queue Understanding : deque([18, 19, 1, 2, 3, 4, 5, 6, 7, 8, 9, 10, 11, 12, 13, 14, 15])
19:30: I'm 0 and I got a token.
	 LN : [24. 23. 23. 23. 23. 23. 23. 23. 23. 23. 23. 23. 23. 23. 23. 23. 23. 22.
 22. 22.]
	 RN : [25. 25. 25. 25. 25. 25. 25. 25. 25. 25. 25. 25. 25. 25. 25. 25. 24. 24.
 24. 24.]
	 Queue Understanding : deque([18, 19, 1, 2, 3, 4, 5, 6, 7, 8, 9, 10, 11, 12, 13, 14, 15])
19:30: I am 0 and execute 25 CS.
	 LN : [24. 24. 24. 24. 24. 24. 24. 24. 24. 24. 24. 24. 24. 24. 24. 24. 24. 23.
 23. 23.]
	 RN : [25. 25. 25. 25. 25. 25. 25. 25. 25. 25. 25. 25. 25. 25. 25. 25. 24. 24.
 24. 24.]
	 Queue Understanding : deque([17, 18, 1, 19, 2, 3, 4, 5, 6, 7, 8, 9, 10, 11, 12, 13])
19:34: I'm 0 and finished 25 CS.
	 LN : [24. 24. 24. 24. 24. 24. 24. 24. 24. 24. 24. 24. 24. 24. 24. 24. 24. 23.
 23. 23.]
	 RN : [25. 25. 25. 25. 25. 25. 25. 25. 25. 25. 25. 25. 25. 25. 25. 25. 24. 24.
 24. 24.]
	 Queue Understanding : deque([17, 18, 1, 19, 2, 3, 4, 5, 6, 7, 8, 9, 10, 11, 12, 13])
19:34: I'm 0 and it adds 14 to the queue. Queue after adding: deque([17, 18, 1, 19, 2, 3, 4, 5, 6, 7, 8, 9, 10, 11, 12, 13, 14]).
	 LN : [25. 24. 24. 24. 24. 24. 24. 24. 24. 24. 24. 24. 24. 24. 24. 24. 24. 23.
 23. 23.]
	 RN : [25. 25. 25. 25. 25. 25. 25. 25. 25. 25. 25. 25. 25. 25. 25. 25. 24. 24.
 24. 24.]
	 Queue Understanding : deque([17, 18, 1, 19, 2, 3, 4, 5, 6, 7, 8, 9, 10, 11, 12, 13, 14])
19:34: I'm 0 and it adds 15 to the queue. Queue after adding: deque([17, 18, 1, 19, 2, 3, 4, 5, 6, 7, 8, 9, 10, 11, 12, 13, 14, 15]).
	 LN : [25. 24. 24. 24. 24. 24. 24. 24. 24. 24. 24. 24. 24. 24. 24. 24. 24. 23.
 23. 23.]
	 RN : [25. 25. 25. 25. 25. 25. 25. 25. 25. 25. 25. 25. 25. 25. 25. 25. 24. 24.
 24. 24.]
	 Queue Understanding : deque([17, 18, 1, 19, 2, 3, 4, 5, 6, 7, 8, 9, 10, 11, 12, 13, 14, 15])
19:34: I'm 0 and sending the token to 17.
	 LN : [25. 24. 24. 24. 24. 24. 24. 24. 24. 24. 24. 24. 24. 24. 24. 24. 24. 23.
 23. 23.]
	 RN : [25. 25. 25. 25. 25. 25. 25. 25. 25. 25. 25. 25. 25. 25. 25. 25. 24. 24.
 24. 24.]
	 Queue Understanding : deque([18, 1, 19, 2, 3, 4, 5, 6, 7, 8, 9, 10, 11, 12, 13, 14, 15])
19:36: I'm 0 and want a token for the 26 time.
	 LN : [25. 24. 24. 24. 24. 24. 24. 24. 24. 24. 24. 24. 24. 24. 24. 24. 24. 23.
 23. 23.]
	 RN : [26. 25. 25. 25. 25. 25. 25. 25. 25. 25. 25. 25. 25. 25. 25. 25. 25. 24.
 24. 24.]
	 Queue Understanding : deque([18, 1, 19, 2, 3, 4, 5, 6, 7, 8, 9, 10, 11, 12, 13, 14, 15])
20:40: I'm 0 and I got a token.
	 LN : [25. 24. 24. 24. 24. 24. 24. 24. 24. 24. 24. 24. 24. 24. 24. 24. 24. 23.
 23. 23.]
	 RN : [26. 26. 26. 26. 26. 26. 26. 26. 26. 26. 26. 26. 26. 26. 26. 26. 25. 25.
 25. 25.]
	 Queue Understanding : deque([18, 1, 19, 2, 3, 4, 5, 6, 7, 8, 9, 10, 11, 12, 13, 14, 15])
20:40: I am 0 and execute 26 CS.
	 LN : [25. 25. 25. 25. 25. 25. 25. 25. 25. 25. 25. 25. 25. 25. 25. 25. 25. 24.
 24. 24.]
	 RN : [26. 26. 26. 26. 26. 26. 26. 26. 26. 26. 26. 26. 26. 26. 26. 26. 25. 25.
 25. 25.]
	 Queue Understanding : deque([17, 1, 18, 19, 2, 3, 4, 5, 6, 7, 8, 9, 10, 11, 12, 13, 14])
20:43: I'm 0 and finished 26 CS.
	 LN : [25. 25. 25. 25. 25. 25. 25. 25. 25. 25. 25. 25. 25. 25. 25. 25. 25. 24.
 24. 24.]
	 RN : [26. 26. 26. 26. 26. 26. 26. 26. 26. 26. 26. 26. 26. 26. 26. 26. 25. 25.
 25. 25.]
	 Queue Understanding : deque([17, 1, 18, 19, 2, 3, 4, 5, 6, 7, 8, 9, 10, 11, 12, 13, 14])
20:43: I'm 0 and it adds 15 to the queue. Queue after adding: deque([17, 1, 18, 19, 2, 3, 4, 5, 6, 7, 8, 9, 10, 11, 12, 13, 14, 15]).
	 LN : [26. 25. 25. 25. 25. 25. 25. 25. 25. 25. 25. 25. 25. 25. 25. 25. 25. 24.
 24. 24.]
	 RN : [26. 26. 26. 26. 26. 26. 26. 26. 26. 26. 26. 26. 26. 26. 26. 26. 25. 25.
 25. 25.]
	 Queue Understanding : deque([17, 1, 18, 19, 2, 3, 4, 5, 6, 7, 8, 9, 10, 11, 12, 13, 14, 15])
20:43: I'm 0 and sending the token to 17.
	 LN : [26. 25. 25. 25. 25. 25. 25. 25. 25. 25. 25. 25. 25. 25. 25. 25. 25. 24.
 24. 24.]
	 RN : [26. 26. 26. 26. 26. 26. 26. 26. 26. 26. 26. 26. 26. 26. 26. 26. 25. 25.
 25. 25.]
	 Queue Understanding : deque([1, 18, 19, 2, 3, 4, 5, 6, 7, 8, 9, 10, 11, 12, 13, 14, 15])
20:46: I'm 0 and want a token for the 27 time.
	 LN : [26. 25. 25. 25. 25. 25. 25. 25. 25. 25. 25. 25. 25. 25. 25. 25. 25. 24.
 24. 24.]
	 RN : [27. 26. 26. 26. 26. 26. 26. 26. 26. 26. 26. 26. 26. 26. 26. 26. 26. 25.
 25. 25.]
	 Queue Understanding : deque([1, 18, 19, 2, 3, 4, 5, 6, 7, 8, 9, 10, 11, 12, 13, 14, 15])
21:43: I'm 0 and I got a token.
	 LN : [26. 25. 25. 25. 25. 25. 25. 25. 25. 25. 25. 25. 25. 25. 25. 25. 25. 24.
 24. 24.]
	 RN : [27. 27. 27. 27. 27. 27. 27. 27. 27. 27. 27. 27. 27. 27. 26. 26. 26. 26.
 26. 26.]
	 Queue Understanding : deque([1, 18, 19, 2, 3, 4, 5, 6, 7, 8, 9, 10, 11, 12, 13, 14, 15])
21:43: I am 0 and execute 27 CS.
	 LN : [26. 26. 26. 26. 26. 26. 26. 26. 26. 26. 26. 26. 26. 26. 26. 26. 25. 25.
 25. 25.]
	 RN : [27. 27. 27. 27. 27. 27. 27. 27. 27. 27. 27. 27. 27. 27. 26. 26. 26. 26.
 26. 26.]
	 Queue Understanding : deque([16, 1, 17, 18, 19, 2, 3, 4, 5, 6, 7, 8, 9, 10, 11, 12])
21:47: I'm 0 and finished 27 CS.
	 LN : [26. 26. 26. 26. 26. 26. 26. 26. 26. 26. 26. 26. 26. 26. 26. 26. 25. 25.
 25. 25.]
	 RN : [27. 27. 27. 27. 27. 27. 27. 27. 27. 27. 27. 27. 27. 27. 26. 26. 26. 26.
 26. 26.]
	 Queue Understanding : deque([16, 1, 17, 18, 19, 2, 3, 4, 5, 6, 7, 8, 9, 10, 11, 12])
21:47: I'm 0 and it adds 13 to the queue. Queue after adding: deque([16, 1, 17, 18, 19, 2, 3, 4, 5, 6, 7, 8, 9, 10, 11, 12, 13]).
	 LN : [27. 26. 26. 26. 26. 26. 26. 26. 26. 26. 26. 26. 26. 26. 26. 26. 25. 25.
 25. 25.]
	 RN : [27. 27. 27. 27. 27. 27. 27. 27. 27. 27. 27. 27. 27. 27. 26. 26. 26. 26.
 26. 26.]
	 Queue Understanding : deque([16, 1, 17, 18, 19, 2, 3, 4, 5, 6, 7, 8, 9, 10, 11, 12, 13])
21:47: I'm 0 and sending the token to 16.
	 LN : [27. 26. 26. 26. 26. 26. 26. 26. 26. 26. 26. 26. 26. 26. 26. 26. 25. 25.
 25. 25.]
	 RN : [27. 27. 27. 27. 27. 27. 27. 27. 27. 27. 27. 27. 27. 27. 26. 26. 26. 26.
 26. 26.]
	 Queue Understanding : deque([1, 17, 18, 19, 2, 3, 4, 5, 6, 7, 8, 9, 10, 11, 12, 13])
21:50: I'm 0 and want a token for the 28 time.
	 LN : [27. 26. 26. 26. 26. 26. 26. 26. 26. 26. 26. 26. 26. 26. 26. 26. 25. 25.
 25. 25.]
	 RN : [28. 27. 27. 27. 27. 27. 27. 27. 27. 27. 27. 27. 27. 27. 27. 27. 26. 26.
 26. 26.]
	 Queue Understanding : deque([1, 17, 18, 19, 2, 3, 4, 5, 6, 7, 8, 9, 10, 11, 12, 13])
22:53: I'm 0 and I got a token.
	 LN : [27. 26. 26. 26. 26. 26. 26. 26. 26. 26. 26. 26. 26. 26. 26. 26. 25. 25.
 25. 25.]
	 RN : [28. 28. 28. 28. 28. 28. 28. 28. 28. 28. 28. 28. 28. 28. 28. 27. 27. 27.
 27. 27.]
	 Queue Understanding : deque([1, 17, 18, 19, 2, 3, 4, 5, 6, 7, 8, 9, 10, 11, 12, 13])
22:53: I am 0 and execute 28 CS.
	 LN : [27. 27. 27. 27. 27. 27. 27. 27. 27. 27. 27. 27. 27. 27. 27. 27. 26. 26.
 26. 26.]
	 RN : [28. 28. 28. 28. 28. 28. 28. 28. 28. 28. 28. 28. 28. 28. 28. 27. 27. 27.
 27. 27.]
	 Queue Understanding : deque([16, 1, 17, 18, 19, 2, 3, 4, 5, 6, 7, 8, 9, 10, 11, 12, 13])
22:58: I'm 0 and finished 28 CS.
	 LN : [27. 27. 27. 27. 27. 27. 27. 27. 27. 27. 27. 27. 27. 27. 27. 27. 26. 26.
 26. 26.]
	 RN : [28. 28. 28. 28. 28. 28. 28. 28. 28. 28. 28. 28. 28. 28. 28. 27. 27. 27.
 27. 27.]
	 Queue Understanding : deque([16, 1, 17, 18, 19, 2, 3, 4, 5, 6, 7, 8, 9, 10, 11, 12, 13])
22:58: I'm 0 and it adds 14 to the queue. Queue after adding: deque([16, 1, 17, 18, 19, 2, 3, 4, 5, 6, 7, 8, 9, 10, 11, 12, 13, 14]).
	 LN : [28. 27. 27. 27. 27. 27. 27. 27. 27. 27. 27. 27. 27. 27. 27. 27. 26. 26.
 26. 26.]
	 RN : [28. 28. 28. 28. 28. 28. 28. 28. 28. 28. 28. 28. 28. 28. 28. 27. 27. 27.
 27. 27.]
	 Queue Understanding : deque([16, 1, 17, 18, 19, 2, 3, 4, 5, 6, 7, 8, 9, 10, 11, 12, 13, 14])
22:58: I'm 0 and sending the token to 16.
	 LN : [28. 27. 27. 27. 27. 27. 27. 27. 27. 27. 27. 27. 27. 27. 27. 27. 26. 26.
 26. 26.]
	 RN : [28. 28. 28. 28. 28. 28. 28. 28. 28. 28. 28. 28. 28. 28. 28. 27. 27. 27.
 27. 27.]
	 Queue Understanding : deque([1, 17, 18, 19, 2, 3, 4, 5, 6, 7, 8, 9, 10, 11, 12, 13, 14])
22:59: I'm 0 and want a token for the 29 time.
	 LN : [28. 27. 27. 27. 27. 27. 27. 27. 27. 27. 27. 27. 27. 27. 27. 27. 26. 26.
 26. 26.]
	 RN : [29. 28. 28. 28. 28. 28. 28. 28. 28. 28. 28. 28. 28. 28. 28. 28. 27. 27.
 27. 27.]
	 Queue Understanding : deque([1, 17, 18, 19, 2, 3, 4, 5, 6, 7, 8, 9, 10, 11, 12, 13, 14])
24:08: I'm 0 and I got a token.
	 LN : [28. 27. 27. 27. 27. 27. 27. 27. 27. 27. 27. 27. 27. 27. 27. 27. 26. 26.
 26. 26.]
	 RN : [29. 29. 29. 29. 29. 29. 29. 29. 29. 29. 29. 29. 29. 29. 28. 28. 28. 28.
 28. 28.]
	 Queue Understanding : deque([1, 17, 18, 19, 2, 3, 4, 5, 6, 7, 8, 9, 10, 11, 12, 13, 14])
24:08: I am 0 and execute 29 CS.
	 LN : [28. 28. 28. 28. 28. 28. 28. 28. 28. 28. 28. 28. 28. 28. 28. 28. 27. 27.
 27. 27.]
	 RN : [29. 29. 29. 29. 29. 29. 29. 29. 29. 29. 29. 29. 29. 29. 28. 28. 28. 28.
 28. 28.]
	 Queue Understanding : deque([16, 1, 17, 18, 19, 2, 3, 4, 5, 6, 7, 8, 9, 10, 11, 12, 13])
24:12: I'm 0 and finished 29 CS.
	 LN : [28. 28. 28. 28. 28. 28. 28. 28. 28. 28. 28. 28. 28. 28. 28. 28. 27. 27.
 27. 27.]
	 RN : [29. 29. 29. 29. 29. 29. 29. 29. 29. 29. 29. 29. 29. 29. 28. 28. 28. 28.
 28. 28.]
	 Queue Understanding : deque([16, 1, 17, 18, 19, 2, 3, 4, 5, 6, 7, 8, 9, 10, 11, 12, 13])
24:12: I'm 0 and sending the token to 16.
	 LN : [29. 28. 28. 28. 28. 28. 28. 28. 28. 28. 28. 28. 28. 28. 28. 28. 27. 27.
 27. 27.]
	 RN : [29. 29. 29. 29. 29. 29. 29. 29. 29. 29. 29. 29. 29. 29. 28. 28. 28. 28.
 28. 28.]
	 Queue Understanding : deque([1, 17, 18, 19, 2, 3, 4, 5, 6, 7, 8, 9, 10, 11, 12, 13])
24:15: I'm 0 and want a token for the 30 time.
	 LN : [29. 28. 28. 28. 28. 28. 28. 28. 28. 28. 28. 28. 28. 28. 28. 28. 27. 27.
 27. 27.]
	 RN : [30. 29. 29. 29. 29. 29. 29. 29. 29. 29. 29. 29. 29. 29. 29. 29. 28. 28.
 28. 28.]
	 Queue Understanding : deque([1, 17, 18, 19, 2, 3, 4, 5, 6, 7, 8, 9, 10, 11, 12, 13])
