51:23: I'm 11 and want a token for the 1 time.
	 LN : [0. 0. 0. 0. 0. 0. 0. 0. 0. 0. 0. 0. 0. 0. 0. 0. 0. 0. 0. 0.]
	 RN : [1. 0. 0. 0. 1. 1. 1. 0. 0. 1. 1. 1. 0. 0. 0. 0. 0. 0. 0. 1.]
	 Queue Understanding : deque([])
51:57: I'm 11 and I got a token.
	 LN : [0. 0. 0. 0. 0. 0. 0. 0. 0. 0. 0. 0. 0. 0. 0. 0. 0. 0. 0. 0.]
	 RN : [2. 2. 2. 2. 2. 2. 2. 2. 2. 2. 1. 1. 1. 1. 1. 1. 1. 1. 1. 1.]
	 Queue Understanding : deque([])
51:57: I am 11 and execute 1 CS.
	 LN : [1. 1. 1. 1. 1. 1. 1. 1. 1. 1. 1. 0. 0. 0. 0. 0. 0. 0. 0. 0.]
	 RN : [2. 2. 2. 2. 2. 2. 2. 2. 2. 2. 1. 1. 1. 1. 1. 1. 1. 1. 1. 1.]
	 Queue Understanding : deque([12, 13, 14, 15, 16, 17, 18, 19, 0, 1, 2, 3, 4, 5, 6, 7, 8])
52:02: I'm 11 and finished 1 CS.
	 LN : [1. 1. 1. 1. 1. 1. 1. 1. 1. 1. 1. 0. 0. 0. 0. 0. 0. 0. 0. 0.]
	 RN : [2. 2. 2. 2. 2. 2. 2. 2. 2. 2. 1. 1. 1. 1. 1. 1. 1. 1. 1. 1.]
	 Queue Understanding : deque([12, 13, 14, 15, 16, 17, 18, 19, 0, 1, 2, 3, 4, 5, 6, 7, 8])
52:02: I'm 11 and it adds 9 to the queue. Queue after adding: deque([12, 13, 14, 15, 16, 17, 18, 19, 0, 1, 2, 3, 4, 5, 6, 7, 8, 9]).
	 LN : [1. 1. 1. 1. 1. 1. 1. 1. 1. 1. 1. 1. 0. 0. 0. 0. 0. 0. 0. 0.]
	 RN : [2. 2. 2. 2. 2. 2. 2. 2. 2. 2. 1. 1. 1. 1. 1. 1. 1. 1. 1. 1.]
	 Queue Understanding : deque([12, 13, 14, 15, 16, 17, 18, 19, 0, 1, 2, 3, 4, 5, 6, 7, 8, 9])
52:02: I'm 11 and sending the token to 12.
	 LN : [1. 1. 1. 1. 1. 1. 1. 1. 1. 1. 1. 1. 0. 0. 0. 0. 0. 0. 0. 0.]
	 RN : [2. 2. 2. 2. 2. 2. 2. 2. 2. 2. 1. 1. 1. 1. 1. 1. 1. 1. 1. 1.]
	 Queue Understanding : deque([13, 14, 15, 16, 17, 18, 19, 0, 1, 2, 3, 4, 5, 6, 7, 8, 9])
52:05: I'm 11 and want a token for the 2 time.
	 LN : [1. 1. 1. 1. 1. 1. 1. 1. 1. 1. 1. 1. 0. 0. 0. 0. 0. 0. 0. 0.]
	 RN : [2. 2. 2. 2. 2. 2. 2. 2. 2. 2. 2. 2. 1. 1. 1. 1. 1. 1. 1. 1.]
	 Queue Understanding : deque([13, 14, 15, 16, 17, 18, 19, 0, 1, 2, 3, 4, 5, 6, 7, 8, 9])
53:09: I'm 11 and I got a token.
	 LN : [1. 1. 1. 1. 1. 1. 1. 1. 1. 1. 1. 1. 0. 0. 0. 0. 0. 0. 0. 0.]
	 RN : [3. 3. 3. 3. 3. 3. 3. 3. 3. 3. 2. 2. 2. 2. 2. 2. 2. 2. 2. 2.]
	 Queue Understanding : deque([13, 14, 15, 16, 17, 18, 19, 0, 1, 2, 3, 4, 5, 6, 7, 8, 9])
53:09: I am 11 and execute 2 CS.
	 LN : [2. 2. 2. 2. 2. 2. 2. 2. 2. 2. 2. 1. 1. 1. 1. 1. 1. 1. 1. 1.]
	 RN : [3. 3. 3. 3. 3. 3. 3. 3. 3. 3. 2. 2. 2. 2. 2. 2. 2. 2. 2. 2.]
	 Queue Understanding : deque([12, 13, 14, 15, 16, 17, 18, 19, 0, 1, 2, 3, 4, 5, 6, 7, 8])
53:13: I'm 11 and finished 2 CS.
	 LN : [2. 2. 2. 2. 2. 2. 2. 2. 2. 2. 2. 1. 1. 1. 1. 1. 1. 1. 1. 1.]
	 RN : [3. 3. 3. 3. 3. 3. 3. 3. 3. 3. 2. 2. 2. 2. 2. 2. 2. 2. 2. 2.]
	 Queue Understanding : deque([12, 13, 14, 15, 16, 17, 18, 19, 0, 1, 2, 3, 4, 5, 6, 7, 8])
53:13: I'm 11 and it adds 9 to the queue. Queue after adding: deque([12, 13, 14, 15, 16, 17, 18, 19, 0, 1, 2, 3, 4, 5, 6, 7, 8, 9]).
	 LN : [2. 2. 2. 2. 2. 2. 2. 2. 2. 2. 2. 2. 1. 1. 1. 1. 1. 1. 1. 1.]
	 RN : [3. 3. 3. 3. 3. 3. 3. 3. 3. 3. 2. 2. 2. 2. 2. 2. 2. 2. 2. 2.]
	 Queue Understanding : deque([12, 13, 14, 15, 16, 17, 18, 19, 0, 1, 2, 3, 4, 5, 6, 7, 8, 9])
53:13: I'm 11 and sending the token to 12.
	 LN : [2. 2. 2. 2. 2. 2. 2. 2. 2. 2. 2. 2. 1. 1. 1. 1. 1. 1. 1. 1.]
	 RN : [3. 3. 3. 3. 3. 3. 3. 3. 3. 3. 2. 2. 2. 2. 2. 2. 2. 2. 2. 2.]
	 Queue Understanding : deque([13, 14, 15, 16, 17, 18, 19, 0, 1, 2, 3, 4, 5, 6, 7, 8, 9])
53:15: I'm 11 and want a token for the 3 time.
	 LN : [2. 2. 2. 2. 2. 2. 2. 2. 2. 2. 2. 2. 1. 1. 1. 1. 1. 1. 1. 1.]
	 RN : [3. 3. 3. 3. 3. 3. 3. 3. 3. 3. 3. 3. 2. 2. 2. 2. 2. 2. 2. 2.]
	 Queue Understanding : deque([13, 14, 15, 16, 17, 18, 19, 0, 1, 2, 3, 4, 5, 6, 7, 8, 9])
54:20: I'm 11 and I got a token.
	 LN : [2. 2. 2. 2. 2. 2. 2. 2. 2. 2. 2. 2. 1. 1. 1. 1. 1. 1. 1. 1.]
	 RN : [4. 4. 4. 4. 4. 4. 4. 4. 4. 4. 3. 3. 3. 3. 3. 3. 3. 3. 3. 3.]
	 Queue Understanding : deque([13, 14, 15, 16, 17, 18, 19, 0, 1, 2, 3, 4, 5, 6, 7, 8, 9])
54:20: I am 11 and execute 3 CS.
	 LN : [3. 3. 3. 3. 3. 3. 3. 3. 3. 3. 3. 2. 2. 2. 2. 2. 2. 2. 2. 2.]
	 RN : [4. 4. 4. 4. 4. 4. 4. 4. 4. 4. 3. 3. 3. 3. 3. 3. 3. 3. 3. 3.]
	 Queue Understanding : deque([12, 13, 14, 15, 16, 17, 18, 19, 0, 1, 2, 3, 4, 5, 6, 7, 8])
54:24: I'm 11 and finished 3 CS.
	 LN : [3. 3. 3. 3. 3. 3. 3. 3. 3. 3. 3. 2. 2. 2. 2. 2. 2. 2. 2. 2.]
	 RN : [4. 4. 4. 4. 4. 4. 4. 4. 4. 4. 3. 3. 3. 3. 3. 3. 3. 3. 3. 3.]
	 Queue Understanding : deque([12, 13, 14, 15, 16, 17, 18, 19, 0, 1, 2, 3, 4, 5, 6, 7, 8])
54:24: I'm 11 and it adds 9 to the queue. Queue after adding: deque([12, 13, 14, 15, 16, 17, 18, 19, 0, 1, 2, 3, 4, 5, 6, 7, 8, 9]).
	 LN : [3. 3. 3. 3. 3. 3. 3. 3. 3. 3. 3. 3. 2. 2. 2. 2. 2. 2. 2. 2.]
	 RN : [4. 4. 4. 4. 4. 4. 4. 4. 4. 4. 3. 3. 3. 3. 3. 3. 3. 3. 3. 3.]
	 Queue Understanding : deque([12, 13, 14, 15, 16, 17, 18, 19, 0, 1, 2, 3, 4, 5, 6, 7, 8, 9])
54:24: I'm 11 and sending the token to 12.
	 LN : [3. 3. 3. 3. 3. 3. 3. 3. 3. 3. 3. 3. 2. 2. 2. 2. 2. 2. 2. 2.]
	 RN : [4. 4. 4. 4. 4. 4. 4. 4. 4. 4. 3. 3. 3. 3. 3. 3. 3. 3. 3. 3.]
	 Queue Understanding : deque([13, 14, 15, 16, 17, 18, 19, 0, 1, 2, 3, 4, 5, 6, 7, 8, 9])
54:27: I'm 11 and want a token for the 4 time.
	 LN : [3. 3. 3. 3. 3. 3. 3. 3. 3. 3. 3. 3. 2. 2. 2. 2. 2. 2. 2. 2.]
	 RN : [4. 4. 4. 4. 4. 4. 4. 4. 4. 4. 4. 4. 3. 3. 3. 3. 3. 3. 3. 3.]
	 Queue Understanding : deque([13, 14, 15, 16, 17, 18, 19, 0, 1, 2, 3, 4, 5, 6, 7, 8, 9])
55:34: I'm 11 and I got a token.
	 LN : [3. 3. 3. 3. 3. 3. 3. 3. 3. 3. 3. 3. 2. 2. 2. 2. 2. 2. 2. 2.]
	 RN : [5. 5. 5. 5. 5. 5. 5. 5. 5. 5. 4. 4. 4. 4. 4. 4. 4. 4. 4. 4.]
	 Queue Understanding : deque([13, 14, 15, 16, 17, 18, 19, 0, 1, 2, 3, 4, 5, 6, 7, 8, 9])
55:34: I am 11 and execute 4 CS.
	 LN : [4. 4. 4. 4. 4. 4. 4. 4. 4. 4. 4. 3. 3. 3. 3. 3. 3. 3. 3. 3.]
	 RN : [5. 5. 5. 5. 5. 5. 5. 5. 5. 5. 4. 4. 4. 4. 4. 4. 4. 4. 4. 4.]
	 Queue Understanding : deque([12, 13, 14, 15, 16, 17, 18, 19, 0, 1, 2, 3, 4, 5, 6, 7, 8])
55:38: I'm 11 and finished 4 CS.
	 LN : [4. 4. 4. 4. 4. 4. 4. 4. 4. 4. 4. 3. 3. 3. 3. 3. 3. 3. 3. 3.]
	 RN : [5. 5. 5. 5. 5. 5. 5. 5. 5. 5. 4. 4. 4. 4. 4. 4. 4. 4. 4. 4.]
	 Queue Understanding : deque([12, 13, 14, 15, 16, 17, 18, 19, 0, 1, 2, 3, 4, 5, 6, 7, 8])
55:38: I'm 11 and it adds 9 to the queue. Queue after adding: deque([12, 13, 14, 15, 16, 17, 18, 19, 0, 1, 2, 3, 4, 5, 6, 7, 8, 9]).
	 LN : [4. 4. 4. 4. 4. 4. 4. 4. 4. 4. 4. 4. 3. 3. 3. 3. 3. 3. 3. 3.]
	 RN : [5. 5. 5. 5. 5. 5. 5. 5. 5. 5. 4. 4. 4. 4. 4. 4. 4. 4. 4. 4.]
	 Queue Understanding : deque([12, 13, 14, 15, 16, 17, 18, 19, 0, 1, 2, 3, 4, 5, 6, 7, 8, 9])
55:38: I'm 11 and sending the token to 12.
	 LN : [4. 4. 4. 4. 4. 4. 4. 4. 4. 4. 4. 4. 3. 3. 3. 3. 3. 3. 3. 3.]
	 RN : [5. 5. 5. 5. 5. 5. 5. 5. 5. 5. 4. 4. 4. 4. 4. 4. 4. 4. 4. 4.]
	 Queue Understanding : deque([13, 14, 15, 16, 17, 18, 19, 0, 1, 2, 3, 4, 5, 6, 7, 8, 9])
55:41: I'm 11 and want a token for the 5 time.
	 LN : [4. 4. 4. 4. 4. 4. 4. 4. 4. 4. 4. 4. 3. 3. 3. 3. 3. 3. 3. 3.]
	 RN : [5. 5. 5. 5. 5. 5. 5. 5. 5. 5. 5. 5. 4. 4. 4. 4. 4. 4. 4. 4.]
	 Queue Understanding : deque([13, 14, 15, 16, 17, 18, 19, 0, 1, 2, 3, 4, 5, 6, 7, 8, 9])
56:43: I'm 11 and I got a token.
	 LN : [4. 4. 4. 4. 4. 4. 4. 4. 4. 4. 4. 4. 3. 3. 3. 3. 3. 3. 3. 3.]
	 RN : [6. 6. 6. 6. 6. 6. 6. 6. 6. 6. 5. 5. 5. 5. 5. 5. 5. 5. 5. 5.]
	 Queue Understanding : deque([13, 14, 15, 16, 17, 18, 19, 0, 1, 2, 3, 4, 5, 6, 7, 8, 9])
56:43: I am 11 and execute 5 CS.
	 LN : [5. 5. 5. 5. 5. 5. 5. 5. 5. 5. 5. 4. 4. 4. 4. 4. 4. 4. 4. 4.]
	 RN : [6. 6. 6. 6. 6. 6. 6. 6. 6. 6. 5. 5. 5. 5. 5. 5. 5. 5. 5. 5.]
	 Queue Understanding : deque([12, 13, 14, 15, 16, 17, 18, 19, 0, 1, 2, 3, 4, 5, 6, 7, 8])
56:47: I'm 11 and finished 5 CS.
	 LN : [5. 5. 5. 5. 5. 5. 5. 5. 5. 5. 5. 4. 4. 4. 4. 4. 4. 4. 4. 4.]
	 RN : [6. 6. 6. 6. 6. 6. 6. 6. 6. 6. 5. 5. 5. 5. 5. 5. 5. 5. 5. 5.]
	 Queue Understanding : deque([12, 13, 14, 15, 16, 17, 18, 19, 0, 1, 2, 3, 4, 5, 6, 7, 8])
56:47: I'm 11 and it adds 9 to the queue. Queue after adding: deque([12, 13, 14, 15, 16, 17, 18, 19, 0, 1, 2, 3, 4, 5, 6, 7, 8, 9]).
	 LN : [5. 5. 5. 5. 5. 5. 5. 5. 5. 5. 5. 5. 4. 4. 4. 4. 4. 4. 4. 4.]
	 RN : [6. 6. 6. 6. 6. 6. 6. 6. 6. 6. 5. 5. 5. 5. 5. 5. 5. 5. 5. 5.]
	 Queue Understanding : deque([12, 13, 14, 15, 16, 17, 18, 19, 0, 1, 2, 3, 4, 5, 6, 7, 8, 9])
56:47: I'm 11 and sending the token to 12.
	 LN : [5. 5. 5. 5. 5. 5. 5. 5. 5. 5. 5. 5. 4. 4. 4. 4. 4. 4. 4. 4.]
	 RN : [6. 6. 6. 6. 6. 6. 6. 6. 6. 6. 5. 5. 5. 5. 5. 5. 5. 5. 5. 5.]
	 Queue Understanding : deque([13, 14, 15, 16, 17, 18, 19, 0, 1, 2, 3, 4, 5, 6, 7, 8, 9])
56:50: I'm 11 and want a token for the 6 time.
	 LN : [5. 5. 5. 5. 5. 5. 5. 5. 5. 5. 5. 5. 4. 4. 4. 4. 4. 4. 4. 4.]
	 RN : [6. 6. 6. 6. 6. 6. 6. 6. 6. 6. 6. 6. 5. 5. 5. 5. 5. 5. 5. 5.]
	 Queue Understanding : deque([13, 14, 15, 16, 17, 18, 19, 0, 1, 2, 3, 4, 5, 6, 7, 8, 9])
57:53: I'm 11 and I got a token.
	 LN : [5. 5. 5. 5. 5. 5. 5. 5. 5. 5. 5. 5. 4. 4. 4. 4. 4. 4. 4. 4.]
	 RN : [7. 7. 7. 7. 7. 7. 7. 7. 7. 6. 6. 6. 6. 6. 6. 6. 6. 6. 6. 6.]
	 Queue Understanding : deque([13, 14, 15, 16, 17, 18, 19, 0, 1, 2, 3, 4, 5, 6, 7, 8, 9])
57:53: I am 11 and execute 6 CS.
	 LN : [6. 6. 6. 6. 6. 6. 6. 6. 6. 6. 6. 5. 5. 5. 5. 5. 5. 5. 5. 5.]
	 RN : [7. 7. 7. 7. 7. 7. 7. 7. 7. 6. 6. 6. 6. 6. 6. 6. 6. 6. 6. 6.]
	 Queue Understanding : deque([12, 13, 14, 15, 16, 17, 18, 0, 19, 1, 2, 3, 4, 5, 6, 7, 8])
57:58: I'm 11 and finished 6 CS.
	 LN : [6. 6. 6. 6. 6. 6. 6. 6. 6. 6. 6. 5. 5. 5. 5. 5. 5. 5. 5. 5.]
	 RN : [7. 7. 7. 7. 7. 7. 7. 7. 7. 6. 6. 6. 6. 6. 6. 6. 6. 6. 6. 6.]
	 Queue Understanding : deque([12, 13, 14, 15, 16, 17, 18, 0, 19, 1, 2, 3, 4, 5, 6, 7, 8])
57:58: I'm 11 and sending the token to 12.
	 LN : [6. 6. 6. 6. 6. 6. 6. 6. 6. 6. 6. 6. 5. 5. 5. 5. 5. 5. 5. 5.]
	 RN : [7. 7. 7. 7. 7. 7. 7. 7. 7. 6. 6. 6. 6. 6. 6. 6. 6. 6. 6. 6.]
	 Queue Understanding : deque([13, 14, 15, 16, 17, 18, 0, 19, 1, 2, 3, 4, 5, 6, 7, 8])
58:00: I'm 11 and want a token for the 7 time.
	 LN : [6. 6. 6. 6. 6. 6. 6. 6. 6. 6. 6. 6. 5. 5. 5. 5. 5. 5. 5. 5.]
	 RN : [7. 7. 7. 7. 7. 7. 7. 7. 7. 7. 7. 7. 6. 6. 6. 6. 6. 6. 6. 6.]
	 Queue Understanding : deque([13, 14, 15, 16, 17, 18, 0, 19, 1, 2, 3, 4, 5, 6, 7, 8])
59:06: I'm 11 and I got a token.
	 LN : [6. 6. 6. 6. 6. 6. 6. 6. 6. 6. 6. 6. 5. 5. 5. 5. 5. 5. 5. 5.]
	 RN : [8. 8. 8. 8. 8. 8. 8. 8. 8. 8. 7. 7. 7. 7. 7. 7. 7. 7. 7. 7.]
	 Queue Understanding : deque([13, 14, 15, 16, 17, 18, 0, 19, 1, 2, 3, 4, 5, 6, 7, 8])
59:06: I am 11 and execute 7 CS.
	 LN : [7. 7. 7. 7. 7. 7. 7. 7. 7. 7. 7. 6. 6. 6. 6. 6. 6. 6. 6. 6.]
	 RN : [8. 8. 8. 8. 8. 8. 8. 8. 8. 8. 7. 7. 7. 7. 7. 7. 7. 7. 7. 7.]
	 Queue Understanding : deque([12, 13, 14, 15, 16, 17, 18, 0, 19, 1, 2, 3, 4, 5, 6, 7, 8])
59:09: I'm 11 and finished 7 CS.
	 LN : [7. 7. 7. 7. 7. 7. 7. 7. 7. 7. 7. 6. 6. 6. 6. 6. 6. 6. 6. 6.]
	 RN : [8. 8. 8. 8. 8. 8. 8. 8. 8. 8. 7. 7. 7. 7. 7. 7. 7. 7. 7. 7.]
	 Queue Understanding : deque([12, 13, 14, 15, 16, 17, 18, 0, 19, 1, 2, 3, 4, 5, 6, 7, 8])
59:09: I'm 11 and it adds 9 to the queue. Queue after adding: deque([12, 13, 14, 15, 16, 17, 18, 0, 19, 1, 2, 3, 4, 5, 6, 7, 8, 9]).
	 LN : [7. 7. 7. 7. 7. 7. 7. 7. 7. 7. 7. 7. 6. 6. 6. 6. 6. 6. 6. 6.]
	 RN : [8. 8. 8. 8. 8. 8. 8. 8. 8. 8. 7. 7. 7. 7. 7. 7. 7. 7. 7. 7.]
	 Queue Understanding : deque([12, 13, 14, 15, 16, 17, 18, 0, 19, 1, 2, 3, 4, 5, 6, 7, 8, 9])
59:09: I'm 11 and sending the token to 12.
	 LN : [7. 7. 7. 7. 7. 7. 7. 7. 7. 7. 7. 7. 6. 6. 6. 6. 6. 6. 6. 6.]
	 RN : [8. 8. 8. 8. 8. 8. 8. 8. 8. 8. 7. 7. 7. 7. 7. 7. 7. 7. 7. 7.]
	 Queue Understanding : deque([13, 14, 15, 16, 17, 18, 0, 19, 1, 2, 3, 4, 5, 6, 7, 8, 9])
59:12: I'm 11 and want a token for the 8 time.
	 LN : [7. 7. 7. 7. 7. 7. 7. 7. 7. 7. 7. 7. 6. 6. 6. 6. 6. 6. 6. 6.]
	 RN : [8. 8. 8. 8. 8. 8. 8. 8. 8. 8. 8. 8. 7. 7. 7. 7. 7. 7. 7. 7.]
	 Queue Understanding : deque([13, 14, 15, 16, 17, 18, 0, 19, 1, 2, 3, 4, 5, 6, 7, 8, 9])
00:16: I'm 11 and I got a token.
	 LN : [7. 7. 7. 7. 7. 7. 7. 7. 7. 7. 7. 7. 6. 6. 6. 6. 6. 6. 6. 6.]
	 RN : [9. 9. 9. 9. 9. 9. 9. 9. 9. 8. 8. 8. 8. 8. 8. 8. 8. 8. 8. 8.]
	 Queue Understanding : deque([13, 14, 15, 16, 17, 18, 0, 19, 1, 2, 3, 4, 5, 6, 7, 8, 9])
00:16: I am 11 and execute 8 CS.
	 LN : [8. 8. 8. 8. 8. 8. 8. 8. 8. 8. 8. 7. 7. 7. 7. 7. 7. 7. 7. 7.]
	 RN : [9. 9. 9. 9. 9. 9. 9. 9. 9. 8. 8. 8. 8. 8. 8. 8. 8. 8. 8. 8.]
	 Queue Understanding : deque([12, 13, 14, 15, 16, 17, 18, 0, 19, 1, 2, 3, 4, 5, 6, 7, 8])
00:19: I'm 11 and finished 8 CS.
	 LN : [8. 8. 8. 8. 8. 8. 8. 8. 8. 8. 8. 7. 7. 7. 7. 7. 7. 7. 7. 7.]
	 RN : [9. 9. 9. 9. 9. 9. 9. 9. 9. 8. 8. 8. 8. 8. 8. 8. 8. 8. 8. 8.]
	 Queue Understanding : deque([12, 13, 14, 15, 16, 17, 18, 0, 19, 1, 2, 3, 4, 5, 6, 7, 8])
00:19: I'm 11 and sending the token to 12.
	 LN : [8. 8. 8. 8. 8. 8. 8. 8. 8. 8. 8. 8. 7. 7. 7. 7. 7. 7. 7. 7.]
	 RN : [9. 9. 9. 9. 9. 9. 9. 9. 9. 8. 8. 8. 8. 8. 8. 8. 8. 8. 8. 8.]
	 Queue Understanding : deque([13, 14, 15, 16, 17, 18, 0, 19, 1, 2, 3, 4, 5, 6, 7, 8])
00:21: I'm 11 and want a token for the 9 time.
	 LN : [8. 8. 8. 8. 8. 8. 8. 8. 8. 8. 8. 8. 7. 7. 7. 7. 7. 7. 7. 7.]
	 RN : [9. 9. 9. 9. 9. 9. 9. 9. 9. 9. 9. 9. 8. 8. 8. 8. 8. 8. 8. 8.]
	 Queue Understanding : deque([13, 14, 15, 16, 17, 18, 0, 19, 1, 2, 3, 4, 5, 6, 7, 8])
01:29: I'm 11 and I got a token.
	 LN : [8. 8. 8. 8. 8. 8. 8. 8. 8. 8. 8. 8. 7. 7. 7. 7. 7. 7. 7. 7.]
	 RN : [10. 10. 10. 10. 10. 10. 10. 10. 10. 10.  9.  9.  9.  9.  9.  9.  9.  9.
  9.  9.]
	 Queue Understanding : deque([13, 14, 15, 16, 17, 18, 0, 19, 1, 2, 3, 4, 5, 6, 7, 8])
01:29: I am 11 and execute 9 CS.
	 LN : [9. 9. 9. 9. 9. 9. 9. 9. 9. 9. 9. 8. 8. 8. 8. 8. 8. 8. 8. 8.]
	 RN : [10. 10. 10. 10. 10. 10. 10. 10. 10. 10.  9.  9.  9.  9.  9.  9.  9.  9.
  9.  9.]
	 Queue Understanding : deque([12, 13, 14, 15, 16, 17, 18, 0, 19, 1, 2, 3, 4, 5, 6, 7, 8])
01:34: I'm 11 and finished 9 CS.
	 LN : [9. 9. 9. 9. 9. 9. 9. 9. 9. 9. 9. 8. 8. 8. 8. 8. 8. 8. 8. 8.]
	 RN : [10. 10. 10. 10. 10. 10. 10. 10. 10. 10.  9.  9.  9.  9.  9.  9.  9.  9.
  9.  9.]
	 Queue Understanding : deque([12, 13, 14, 15, 16, 17, 18, 0, 19, 1, 2, 3, 4, 5, 6, 7, 8])
01:34: I'm 11 and it adds 9 to the queue. Queue after adding: deque([12, 13, 14, 15, 16, 17, 18, 0, 19, 1, 2, 3, 4, 5, 6, 7, 8, 9]).
	 LN : [9. 9. 9. 9. 9. 9. 9. 9. 9. 9. 9. 9. 8. 8. 8. 8. 8. 8. 8. 8.]
	 RN : [10. 10. 10. 10. 10. 10. 10. 10. 10. 10.  9.  9.  9.  9.  9.  9.  9.  9.
  9.  9.]
	 Queue Understanding : deque([12, 13, 14, 15, 16, 17, 18, 0, 19, 1, 2, 3, 4, 5, 6, 7, 8, 9])
01:34: I'm 11 and sending the token to 12.
	 LN : [9. 9. 9. 9. 9. 9. 9. 9. 9. 9. 9. 9. 8. 8. 8. 8. 8. 8. 8. 8.]
	 RN : [10. 10. 10. 10. 10. 10. 10. 10. 10. 10.  9.  9.  9.  9.  9.  9.  9.  9.
  9.  9.]
	 Queue Understanding : deque([13, 14, 15, 16, 17, 18, 0, 19, 1, 2, 3, 4, 5, 6, 7, 8, 9])
01:36: I'm 11 and want a token for the 10 time.
	 LN : [9. 9. 9. 9. 9. 9. 9. 9. 9. 9. 9. 9. 8. 8. 8. 8. 8. 8. 8. 8.]
	 RN : [10. 10. 10. 10. 10. 10. 10. 10. 10. 10. 10. 10.  9.  9.  9.  9.  9.  9.
  9.  9.]
	 Queue Understanding : deque([13, 14, 15, 16, 17, 18, 0, 19, 1, 2, 3, 4, 5, 6, 7, 8, 9])
02:44: I'm 11 and I got a token.
	 LN : [9. 9. 9. 9. 9. 9. 9. 9. 9. 9. 9. 9. 8. 8. 8. 8. 8. 8. 8. 8.]
	 RN : [11. 11. 11. 11. 11. 11. 11. 11. 11. 11. 10. 10. 10. 10. 10. 10. 10. 10.
 10. 10.]
	 Queue Understanding : deque([13, 14, 15, 16, 17, 18, 0, 19, 1, 2, 3, 4, 5, 6, 7, 8, 9])
02:44: I am 11 and execute 10 CS.
	 LN : [10. 10. 10. 10. 10. 10. 10. 10. 10. 10. 10.  9.  9.  9.  9.  9.  9.  9.
  9.  9.]
	 RN : [11. 11. 11. 11. 11. 11. 11. 11. 11. 11. 10. 10. 10. 10. 10. 10. 10. 10.
 10. 10.]
	 Queue Understanding : deque([12, 13, 14, 15, 16, 17, 18, 0, 19, 1, 2, 3, 4, 5, 6, 7, 8])
02:48: I'm 11 and finished 10 CS.
	 LN : [10. 10. 10. 10. 10. 10. 10. 10. 10. 10. 10.  9.  9.  9.  9.  9.  9.  9.
  9.  9.]
	 RN : [11. 11. 11. 11. 11. 11. 11. 11. 11. 11. 10. 10. 10. 10. 10. 10. 10. 10.
 10. 10.]
	 Queue Understanding : deque([12, 13, 14, 15, 16, 17, 18, 0, 19, 1, 2, 3, 4, 5, 6, 7, 8])
02:48: I'm 11 and it adds 9 to the queue. Queue after adding: deque([12, 13, 14, 15, 16, 17, 18, 0, 19, 1, 2, 3, 4, 5, 6, 7, 8, 9]).
	 LN : [10. 10. 10. 10. 10. 10. 10. 10. 10. 10. 10. 10.  9.  9.  9.  9.  9.  9.
  9.  9.]
	 RN : [11. 11. 11. 11. 11. 11. 11. 11. 11. 11. 10. 10. 10. 10. 10. 10. 10. 10.
 10. 10.]
	 Queue Understanding : deque([12, 13, 14, 15, 16, 17, 18, 0, 19, 1, 2, 3, 4, 5, 6, 7, 8, 9])
02:48: I'm 11 and sending the token to 12.
	 LN : [10. 10. 10. 10. 10. 10. 10. 10. 10. 10. 10. 10.  9.  9.  9.  9.  9.  9.
  9.  9.]
	 RN : [11. 11. 11. 11. 11. 11. 11. 11. 11. 11. 10. 10. 10. 10. 10. 10. 10. 10.
 10. 10.]
	 Queue Understanding : deque([13, 14, 15, 16, 17, 18, 0, 19, 1, 2, 3, 4, 5, 6, 7, 8, 9])
02:51: I'm 11 and want a token for the 11 time.
	 LN : [10. 10. 10. 10. 10. 10. 10. 10. 10. 10. 10. 10.  9.  9.  9.  9.  9.  9.
  9.  9.]
	 RN : [11. 11. 11. 11. 11. 11. 11. 11. 11. 11. 11. 11. 10. 10. 10. 10. 10. 10.
 10. 10.]
	 Queue Understanding : deque([13, 14, 15, 16, 17, 18, 0, 19, 1, 2, 3, 4, 5, 6, 7, 8, 9])
03:56: I'm 11 and I got a token.
	 LN : [10. 10. 10. 10. 10. 10. 10. 10. 10. 10. 10. 10.  9.  9.  9.  9.  9.  9.
  9.  9.]
	 RN : [12. 12. 12. 12. 12. 12. 12. 12. 12. 12. 11. 11. 11. 11. 11. 11. 11. 11.
 11. 11.]
	 Queue Understanding : deque([13, 14, 15, 16, 17, 18, 0, 19, 1, 2, 3, 4, 5, 6, 7, 8, 9])
03:56: I am 11 and execute 11 CS.
	 LN : [11. 11. 11. 11. 11. 11. 11. 11. 11. 11. 11. 10. 10. 10. 10. 10. 10. 10.
 10. 10.]
	 RN : [12. 12. 12. 12. 12. 12. 12. 12. 12. 12. 11. 11. 11. 11. 11. 11. 11. 11.
 11. 11.]
	 Queue Understanding : deque([12, 13, 14, 15, 16, 17, 0, 18, 19, 1, 2, 3, 4, 5, 6, 7, 8])
03:59: I'm 11 and finished 11 CS.
	 LN : [11. 11. 11. 11. 11. 11. 11. 11. 11. 11. 11. 10. 10. 10. 10. 10. 10. 10.
 10. 10.]
	 RN : [12. 12. 12. 12. 12. 12. 12. 12. 12. 12. 11. 11. 11. 11. 11. 11. 11. 11.
 11. 11.]
	 Queue Understanding : deque([12, 13, 14, 15, 16, 17, 0, 18, 19, 1, 2, 3, 4, 5, 6, 7, 8])
03:59: I'm 11 and it adds 9 to the queue. Queue after adding: deque([12, 13, 14, 15, 16, 17, 0, 18, 19, 1, 2, 3, 4, 5, 6, 7, 8, 9]).
	 LN : [11. 11. 11. 11. 11. 11. 11. 11. 11. 11. 11. 11. 10. 10. 10. 10. 10. 10.
 10. 10.]
	 RN : [12. 12. 12. 12. 12. 12. 12. 12. 12. 12. 11. 11. 11. 11. 11. 11. 11. 11.
 11. 11.]
	 Queue Understanding : deque([12, 13, 14, 15, 16, 17, 0, 18, 19, 1, 2, 3, 4, 5, 6, 7, 8, 9])
03:59: I'm 11 and sending the token to 12.
	 LN : [11. 11. 11. 11. 11. 11. 11. 11. 11. 11. 11. 11. 10. 10. 10. 10. 10. 10.
 10. 10.]
	 RN : [12. 12. 12. 12. 12. 12. 12. 12. 12. 12. 11. 11. 11. 11. 11. 11. 11. 11.
 11. 11.]
	 Queue Understanding : deque([13, 14, 15, 16, 17, 0, 18, 19, 1, 2, 3, 4, 5, 6, 7, 8, 9])
04:01: I'm 11 and want a token for the 12 time.
	 LN : [11. 11. 11. 11. 11. 11. 11. 11. 11. 11. 11. 11. 10. 10. 10. 10. 10. 10.
 10. 10.]
	 RN : [12. 12. 12. 12. 12. 12. 12. 12. 12. 12. 12. 12. 11. 11. 11. 11. 11. 11.
 11. 11.]
	 Queue Understanding : deque([13, 14, 15, 16, 17, 0, 18, 19, 1, 2, 3, 4, 5, 6, 7, 8, 9])
05:08: I'm 11 and I got a token.
	 LN : [11. 11. 11. 11. 11. 11. 11. 11. 11. 11. 11. 11. 10. 10. 10. 10. 10. 10.
 10. 10.]
	 RN : [13. 13. 13. 13. 13. 13. 13. 13. 13. 13. 12. 12. 12. 12. 12. 12. 12. 12.
 12. 12.]
	 Queue Understanding : deque([13, 14, 15, 16, 17, 0, 18, 19, 1, 2, 3, 4, 5, 6, 7, 8, 9])
05:08: I am 11 and execute 12 CS.
	 LN : [12. 12. 12. 12. 12. 12. 12. 12. 12. 12. 12. 11. 11. 11. 11. 11. 11. 11.
 11. 11.]
	 RN : [13. 13. 13. 13. 13. 13. 13. 13. 13. 13. 12. 12. 12. 12. 12. 12. 12. 12.
 12. 12.]
	 Queue Understanding : deque([12, 13, 14, 15, 16, 17, 0, 18, 19, 1, 2, 3, 4, 5, 6, 7])
05:11: I'm 11 and finished 12 CS.
	 LN : [12. 12. 12. 12. 12. 12. 12. 12. 12. 12. 12. 11. 11. 11. 11. 11. 11. 11.
 11. 11.]
	 RN : [13. 13. 13. 13. 13. 13. 13. 13. 13. 13. 12. 12. 12. 12. 12. 12. 12. 12.
 12. 12.]
	 Queue Understanding : deque([12, 13, 14, 15, 16, 17, 0, 18, 19, 1, 2, 3, 4, 5, 6, 7])
05:11: I'm 11 and it adds 8 to the queue. Queue after adding: deque([12, 13, 14, 15, 16, 17, 0, 18, 19, 1, 2, 3, 4, 5, 6, 7, 8]).
	 LN : [12. 12. 12. 12. 12. 12. 12. 12. 12. 12. 12. 12. 11. 11. 11. 11. 11. 11.
 11. 11.]
	 RN : [13. 13. 13. 13. 13. 13. 13. 13. 13. 13. 12. 12. 12. 12. 12. 12. 12. 12.
 12. 12.]
	 Queue Understanding : deque([12, 13, 14, 15, 16, 17, 0, 18, 19, 1, 2, 3, 4, 5, 6, 7, 8])
05:11: I'm 11 and it adds 9 to the queue. Queue after adding: deque([12, 13, 14, 15, 16, 17, 0, 18, 19, 1, 2, 3, 4, 5, 6, 7, 8, 9]).
	 LN : [12. 12. 12. 12. 12. 12. 12. 12. 12. 12. 12. 12. 11. 11. 11. 11. 11. 11.
 11. 11.]
	 RN : [13. 13. 13. 13. 13. 13. 13. 13. 13. 13. 12. 12. 12. 12. 12. 12. 12. 12.
 12. 12.]
	 Queue Understanding : deque([12, 13, 14, 15, 16, 17, 0, 18, 19, 1, 2, 3, 4, 5, 6, 7, 8, 9])
05:11: I'm 11 and sending the token to 12.
	 LN : [12. 12. 12. 12. 12. 12. 12. 12. 12. 12. 12. 12. 11. 11. 11. 11. 11. 11.
 11. 11.]
	 RN : [13. 13. 13. 13. 13. 13. 13. 13. 13. 13. 12. 12. 12. 12. 12. 12. 12. 12.
 12. 12.]
	 Queue Understanding : deque([13, 14, 15, 16, 17, 0, 18, 19, 1, 2, 3, 4, 5, 6, 7, 8, 9])
05:12: I'm 11 and want a token for the 13 time.
	 LN : [12. 12. 12. 12. 12. 12. 12. 12. 12. 12. 12. 12. 11. 11. 11. 11. 11. 11.
 11. 11.]
	 RN : [13. 13. 13. 13. 13. 13. 13. 13. 13. 13. 13. 13. 12. 12. 12. 12. 12. 12.
 12. 12.]
	 Queue Understanding : deque([13, 14, 15, 16, 17, 0, 18, 19, 1, 2, 3, 4, 5, 6, 7, 8, 9])
06:19: I'm 11 and I got a token.
	 LN : [12. 12. 12. 12. 12. 12. 12. 12. 12. 12. 12. 12. 11. 11. 11. 11. 11. 11.
 11. 11.]
	 RN : [14. 14. 14. 14. 14. 14. 14. 14. 14. 14. 13. 13. 13. 13. 13. 13. 13. 13.
 13. 13.]
	 Queue Understanding : deque([13, 14, 15, 16, 17, 0, 18, 19, 1, 2, 3, 4, 5, 6, 7, 8, 9])
06:19: I am 11 and execute 13 CS.
	 LN : [13. 13. 13. 13. 13. 13. 13. 13. 13. 13. 13. 12. 12. 12. 12. 12. 12. 12.
 12. 12.]
	 RN : [14. 14. 14. 14. 14. 14. 14. 14. 14. 14. 13. 13. 13. 13. 13. 13. 13. 13.
 13. 13.]
	 Queue Understanding : deque([12, 13, 14, 15, 16, 17, 0, 18, 19, 1, 2, 3, 4, 5, 6, 7, 8])
06:22: I'm 11 and finished 13 CS.
	 LN : [13. 13. 13. 13. 13. 13. 13. 13. 13. 13. 13. 12. 12. 12. 12. 12. 12. 12.
 12. 12.]
	 RN : [14. 14. 14. 14. 14. 14. 14. 14. 14. 14. 13. 13. 13. 13. 13. 13. 13. 13.
 13. 13.]
	 Queue Understanding : deque([12, 13, 14, 15, 16, 17, 0, 18, 19, 1, 2, 3, 4, 5, 6, 7, 8])
06:22: I'm 11 and it adds 9 to the queue. Queue after adding: deque([12, 13, 14, 15, 16, 17, 0, 18, 19, 1, 2, 3, 4, 5, 6, 7, 8, 9]).
	 LN : [13. 13. 13. 13. 13. 13. 13. 13. 13. 13. 13. 13. 12. 12. 12. 12. 12. 12.
 12. 12.]
	 RN : [14. 14. 14. 14. 14. 14. 14. 14. 14. 14. 13. 13. 13. 13. 13. 13. 13. 13.
 13. 13.]
	 Queue Understanding : deque([12, 13, 14, 15, 16, 17, 0, 18, 19, 1, 2, 3, 4, 5, 6, 7, 8, 9])
06:22: I'm 11 and sending the token to 12.
	 LN : [13. 13. 13. 13. 13. 13. 13. 13. 13. 13. 13. 13. 12. 12. 12. 12. 12. 12.
 12. 12.]
	 RN : [14. 14. 14. 14. 14. 14. 14. 14. 14. 14. 13. 13. 13. 13. 13. 13. 13. 13.
 13. 13.]
	 Queue Understanding : deque([13, 14, 15, 16, 17, 0, 18, 19, 1, 2, 3, 4, 5, 6, 7, 8, 9])
06:23: I'm 11 and want a token for the 14 time.
	 LN : [13. 13. 13. 13. 13. 13. 13. 13. 13. 13. 13. 13. 12. 12. 12. 12. 12. 12.
 12. 12.]
	 RN : [14. 14. 14. 14. 14. 14. 14. 14. 14. 14. 14. 14. 13. 13. 13. 13. 13. 13.
 13. 13.]
	 Queue Understanding : deque([13, 14, 15, 16, 17, 0, 18, 19, 1, 2, 3, 4, 5, 6, 7, 8, 9])
07:36: I'm 11 and I got a token.
	 LN : [13. 13. 13. 13. 13. 13. 13. 13. 13. 13. 13. 13. 12. 12. 12. 12. 12. 12.
 12. 12.]
	 RN : [15. 15. 15. 15. 15. 15. 15. 15. 15. 15. 14. 14. 14. 14. 14. 14. 14. 14.
 14. 14.]
	 Queue Understanding : deque([13, 14, 15, 16, 17, 0, 18, 19, 1, 2, 3, 4, 5, 6, 7, 8, 9])
07:36: I am 11 and execute 14 CS.
	 LN : [14. 14. 14. 14. 14. 14. 14. 14. 14. 14. 14. 13. 13. 13. 13. 13. 13. 13.
 13. 13.]
	 RN : [15. 15. 15. 15. 15. 15. 15. 15. 15. 15. 14. 14. 14. 14. 14. 14. 14. 14.
 14. 14.]
	 Queue Understanding : deque([12, 13, 14, 15, 16, 17, 0, 18, 19, 1, 2, 3, 4, 5, 6, 7, 8])
07:38: I'm 11 and finished 14 CS.
	 LN : [14. 14. 14. 14. 14. 14. 14. 14. 14. 14. 14. 13. 13. 13. 13. 13. 13. 13.
 13. 13.]
	 RN : [15. 15. 15. 15. 15. 15. 15. 15. 15. 15. 14. 14. 14. 14. 14. 14. 14. 14.
 14. 14.]
	 Queue Understanding : deque([12, 13, 14, 15, 16, 17, 0, 18, 19, 1, 2, 3, 4, 5, 6, 7, 8])
07:38: I'm 11 and it adds 9 to the queue. Queue after adding: deque([12, 13, 14, 15, 16, 17, 0, 18, 19, 1, 2, 3, 4, 5, 6, 7, 8, 9]).
	 LN : [14. 14. 14. 14. 14. 14. 14. 14. 14. 14. 14. 14. 13. 13. 13. 13. 13. 13.
 13. 13.]
	 RN : [15. 15. 15. 15. 15. 15. 15. 15. 15. 15. 14. 14. 14. 14. 14. 14. 14. 14.
 14. 14.]
	 Queue Understanding : deque([12, 13, 14, 15, 16, 17, 0, 18, 19, 1, 2, 3, 4, 5, 6, 7, 8, 9])
07:38: I'm 11 and sending the token to 12.
	 LN : [14. 14. 14. 14. 14. 14. 14. 14. 14. 14. 14. 14. 13. 13. 13. 13. 13. 13.
 13. 13.]
	 RN : [15. 15. 15. 15. 15. 15. 15. 15. 15. 15. 14. 14. 14. 14. 14. 14. 14. 14.
 14. 14.]
	 Queue Understanding : deque([13, 14, 15, 16, 17, 0, 18, 19, 1, 2, 3, 4, 5, 6, 7, 8, 9])
07:40: I'm 11 and want a token for the 15 time.
	 LN : [14. 14. 14. 14. 14. 14. 14. 14. 14. 14. 14. 14. 13. 13. 13. 13. 13. 13.
 13. 13.]
	 RN : [15. 15. 15. 15. 15. 15. 15. 15. 15. 15. 15. 15. 14. 14. 14. 14. 14. 14.
 14. 14.]
	 Queue Understanding : deque([13, 14, 15, 16, 17, 0, 18, 19, 1, 2, 3, 4, 5, 6, 7, 8, 9])
08:44: I'm 11 and I got a token.
	 LN : [14. 14. 14. 14. 14. 14. 14. 14. 14. 14. 14. 14. 13. 13. 13. 13. 13. 13.
 13. 13.]
	 RN : [16. 16. 16. 16. 16. 16. 16. 16. 16. 16. 15. 15. 15. 15. 15. 15. 15. 15.
 15. 15.]
	 Queue Understanding : deque([13, 14, 15, 16, 17, 0, 18, 19, 1, 2, 3, 4, 5, 6, 7, 8, 9])
08:44: I am 11 and execute 15 CS.
	 LN : [15. 15. 15. 15. 15. 15. 15. 15. 15. 15. 15. 14. 14. 14. 14. 14. 14. 14.
 14. 14.]
	 RN : [16. 16. 16. 16. 16. 16. 16. 16. 16. 16. 15. 15. 15. 15. 15. 15. 15. 15.
 15. 15.]
	 Queue Understanding : deque([12, 13, 14, 15, 16, 0, 17, 18, 19, 1, 2, 3, 4, 5, 6, 7, 8])
08:48: I'm 11 and finished 15 CS.
	 LN : [15. 15. 15. 15. 15. 15. 15. 15. 15. 15. 15. 14. 14. 14. 14. 14. 14. 14.
 14. 14.]
	 RN : [16. 16. 16. 16. 16. 16. 16. 16. 16. 16. 15. 15. 15. 15. 15. 15. 15. 15.
 15. 15.]
	 Queue Understanding : deque([12, 13, 14, 15, 16, 0, 17, 18, 19, 1, 2, 3, 4, 5, 6, 7, 8])
08:48: I'm 11 and it adds 9 to the queue. Queue after adding: deque([12, 13, 14, 15, 16, 0, 17, 18, 19, 1, 2, 3, 4, 5, 6, 7, 8, 9]).
	 LN : [15. 15. 15. 15. 15. 15. 15. 15. 15. 15. 15. 15. 14. 14. 14. 14. 14. 14.
 14. 14.]
	 RN : [16. 16. 16. 16. 16. 16. 16. 16. 16. 16. 15. 15. 15. 15. 15. 15. 15. 15.
 15. 15.]
	 Queue Understanding : deque([12, 13, 14, 15, 16, 0, 17, 18, 19, 1, 2, 3, 4, 5, 6, 7, 8, 9])
08:48: I'm 11 and sending the token to 12.
	 LN : [15. 15. 15. 15. 15. 15. 15. 15. 15. 15. 15. 15. 14. 14. 14. 14. 14. 14.
 14. 14.]
	 RN : [16. 16. 16. 16. 16. 16. 16. 16. 16. 16. 15. 15. 15. 15. 15. 15. 15. 15.
 15. 15.]
	 Queue Understanding : deque([13, 14, 15, 16, 0, 17, 18, 19, 1, 2, 3, 4, 5, 6, 7, 8, 9])
08:50: I'm 11 and want a token for the 16 time.
	 LN : [15. 15. 15. 15. 15. 15. 15. 15. 15. 15. 15. 15. 14. 14. 14. 14. 14. 14.
 14. 14.]
	 RN : [16. 16. 16. 16. 16. 16. 16. 16. 16. 16. 16. 16. 15. 15. 15. 15. 15. 15.
 15. 15.]
	 Queue Understanding : deque([13, 14, 15, 16, 0, 17, 18, 19, 1, 2, 3, 4, 5, 6, 7, 8, 9])
09:57: I'm 11 and I got a token.
	 LN : [15. 15. 15. 15. 15. 15. 15. 15. 15. 15. 15. 15. 14. 14. 14. 14. 14. 14.
 14. 14.]
	 RN : [17. 17. 17. 17. 17. 17. 17. 17. 17. 17. 16. 16. 16. 16. 16. 16. 16. 16.
 16. 16.]
	 Queue Understanding : deque([13, 14, 15, 16, 0, 17, 18, 19, 1, 2, 3, 4, 5, 6, 7, 8, 9])
09:57: I am 11 and execute 16 CS.
	 LN : [16. 16. 16. 16. 16. 16. 16. 16. 16. 16. 16. 15. 15. 15. 15. 15. 15. 15.
 15. 15.]
	 RN : [17. 17. 17. 17. 17. 17. 17. 17. 17. 17. 16. 16. 16. 16. 16. 16. 16. 16.
 16. 16.]
	 Queue Understanding : deque([12, 13, 14, 15, 16, 0, 17, 18, 19, 1, 2, 3, 4, 5, 6, 7, 8])
09:59: I'm 11 and finished 16 CS.
	 LN : [16. 16. 16. 16. 16. 16. 16. 16. 16. 16. 16. 15. 15. 15. 15. 15. 15. 15.
 15. 15.]
	 RN : [17. 17. 17. 17. 17. 17. 17. 17. 17. 17. 16. 16. 16. 16. 16. 16. 16. 16.
 16. 16.]
	 Queue Understanding : deque([12, 13, 14, 15, 16, 0, 17, 18, 19, 1, 2, 3, 4, 5, 6, 7, 8])
09:59: I'm 11 and it adds 9 to the queue. Queue after adding: deque([12, 13, 14, 15, 16, 0, 17, 18, 19, 1, 2, 3, 4, 5, 6, 7, 8, 9]).
	 LN : [16. 16. 16. 16. 16. 16. 16. 16. 16. 16. 16. 16. 15. 15. 15. 15. 15. 15.
 15. 15.]
	 RN : [17. 17. 17. 17. 17. 17. 17. 17. 17. 17. 16. 16. 16. 16. 16. 16. 16. 16.
 16. 16.]
	 Queue Understanding : deque([12, 13, 14, 15, 16, 0, 17, 18, 19, 1, 2, 3, 4, 5, 6, 7, 8, 9])
09:59: I'm 11 and sending the token to 12.
	 LN : [16. 16. 16. 16. 16. 16. 16. 16. 16. 16. 16. 16. 15. 15. 15. 15. 15. 15.
 15. 15.]
	 RN : [17. 17. 17. 17. 17. 17. 17. 17. 17. 17. 16. 16. 16. 16. 16. 16. 16. 16.
 16. 16.]
	 Queue Understanding : deque([13, 14, 15, 16, 0, 17, 18, 19, 1, 2, 3, 4, 5, 6, 7, 8, 9])
10:02: I'm 11 and want a token for the 17 time.
	 LN : [16. 16. 16. 16. 16. 16. 16. 16. 16. 16. 16. 16. 15. 15. 15. 15. 15. 15.
 15. 15.]
	 RN : [17. 17. 17. 17. 17. 17. 17. 17. 17. 17. 17. 17. 16. 16. 16. 16. 16. 16.
 16. 16.]
	 Queue Understanding : deque([13, 14, 15, 16, 0, 17, 18, 19, 1, 2, 3, 4, 5, 6, 7, 8, 9])
11:09: I'm 11 and I got a token.
	 LN : [16. 16. 16. 16. 16. 16. 16. 16. 16. 16. 16. 16. 15. 15. 15. 15. 15. 15.
 15. 15.]
	 RN : [18. 18. 18. 18. 18. 18. 18. 18. 18. 18. 17. 17. 17. 17. 17. 17. 17. 17.
 17. 17.]
	 Queue Understanding : deque([13, 14, 15, 16, 0, 17, 18, 19, 1, 2, 3, 4, 5, 6, 7, 8, 9])
11:09: I am 11 and execute 17 CS.
	 LN : [17. 17. 17. 17. 17. 17. 17. 17. 17. 17. 17. 16. 16. 16. 16. 16. 16. 16.
 16. 16.]
	 RN : [18. 18. 18. 18. 18. 18. 18. 18. 18. 18. 17. 17. 17. 17. 17. 17. 17. 17.
 17. 17.]
	 Queue Understanding : deque([12, 13, 14, 15, 16, 0, 17, 18, 19, 1, 2, 3, 4, 5, 6, 7, 8])
11:13: I'm 11 and finished 17 CS.
	 LN : [17. 17. 17. 17. 17. 17. 17. 17. 17. 17. 17. 16. 16. 16. 16. 16. 16. 16.
 16. 16.]
	 RN : [18. 18. 18. 18. 18. 18. 18. 18. 18. 18. 17. 17. 17. 17. 17. 17. 17. 17.
 17. 17.]
	 Queue Understanding : deque([12, 13, 14, 15, 16, 0, 17, 18, 19, 1, 2, 3, 4, 5, 6, 7, 8])
11:13: I'm 11 and it adds 9 to the queue. Queue after adding: deque([12, 13, 14, 15, 16, 0, 17, 18, 19, 1, 2, 3, 4, 5, 6, 7, 8, 9]).
	 LN : [17. 17. 17. 17. 17. 17. 17. 17. 17. 17. 17. 17. 16. 16. 16. 16. 16. 16.
 16. 16.]
	 RN : [18. 18. 18. 18. 18. 18. 18. 18. 18. 18. 17. 17. 17. 17. 17. 17. 17. 17.
 17. 17.]
	 Queue Understanding : deque([12, 13, 14, 15, 16, 0, 17, 18, 19, 1, 2, 3, 4, 5, 6, 7, 8, 9])
11:13: I'm 11 and sending the token to 12.
	 LN : [17. 17. 17. 17. 17. 17. 17. 17. 17. 17. 17. 17. 16. 16. 16. 16. 16. 16.
 16. 16.]
	 RN : [18. 18. 18. 18. 18. 18. 18. 18. 18. 18. 17. 17. 17. 17. 17. 17. 17. 17.
 17. 17.]
	 Queue Understanding : deque([13, 14, 15, 16, 0, 17, 18, 19, 1, 2, 3, 4, 5, 6, 7, 8, 9])
11:14: I'm 11 and want a token for the 18 time.
	 LN : [17. 17. 17. 17. 17. 17. 17. 17. 17. 17. 17. 17. 16. 16. 16. 16. 16. 16.
 16. 16.]
	 RN : [18. 18. 18. 18. 18. 18. 18. 18. 18. 18. 18. 18. 17. 17. 17. 17. 17. 17.
 17. 17.]
	 Queue Understanding : deque([13, 14, 15, 16, 0, 17, 18, 19, 1, 2, 3, 4, 5, 6, 7, 8, 9])
12:23: I'm 11 and I got a token.
	 LN : [17. 17. 17. 17. 17. 17. 17. 17. 17. 17. 17. 17. 16. 16. 16. 16. 16. 16.
 16. 16.]
	 RN : [19. 19. 19. 19. 19. 19. 19. 19. 19. 19. 18. 18. 18. 18. 18. 18. 18. 18.
 18. 18.]
	 Queue Understanding : deque([13, 14, 15, 16, 0, 17, 18, 19, 1, 2, 3, 4, 5, 6, 7, 8, 9])
12:23: I am 11 and execute 18 CS.
	 LN : [18. 18. 18. 18. 18. 18. 18. 18. 18. 18. 18. 17. 17. 17. 17. 17. 17. 17.
 17. 17.]
	 RN : [19. 19. 19. 19. 19. 19. 19. 19. 19. 19. 18. 18. 18. 18. 18. 18. 18. 18.
 18. 18.]
	 Queue Understanding : deque([12, 13, 14, 15, 16, 0, 17, 18, 19, 1, 2, 3, 4, 5, 6, 7, 8])
12:27: I'm 11 and finished 18 CS.
	 LN : [18. 18. 18. 18. 18. 18. 18. 18. 18. 18. 18. 17. 17. 17. 17. 17. 17. 17.
 17. 17.]
	 RN : [19. 19. 19. 19. 19. 19. 19. 19. 19. 19. 18. 18. 18. 18. 18. 18. 18. 18.
 18. 18.]
	 Queue Understanding : deque([12, 13, 14, 15, 16, 0, 17, 18, 19, 1, 2, 3, 4, 5, 6, 7, 8])
12:27: I'm 11 and it adds 9 to the queue. Queue after adding: deque([12, 13, 14, 15, 16, 0, 17, 18, 19, 1, 2, 3, 4, 5, 6, 7, 8, 9]).
	 LN : [18. 18. 18. 18. 18. 18. 18. 18. 18. 18. 18. 18. 17. 17. 17. 17. 17. 17.
 17. 17.]
	 RN : [19. 19. 19. 19. 19. 19. 19. 19. 19. 19. 18. 18. 18. 18. 18. 18. 18. 18.
 18. 18.]
	 Queue Understanding : deque([12, 13, 14, 15, 16, 0, 17, 18, 19, 1, 2, 3, 4, 5, 6, 7, 8, 9])
12:27: I'm 11 and sending the token to 12.
	 LN : [18. 18. 18. 18. 18. 18. 18. 18. 18. 18. 18. 18. 17. 17. 17. 17. 17. 17.
 17. 17.]
	 RN : [19. 19. 19. 19. 19. 19. 19. 19. 19. 19. 18. 18. 18. 18. 18. 18. 18. 18.
 18. 18.]
	 Queue Understanding : deque([13, 14, 15, 16, 0, 17, 18, 19, 1, 2, 3, 4, 5, 6, 7, 8, 9])
12:28: I'm 11 and want a token for the 19 time.
	 LN : [18. 18. 18. 18. 18. 18. 18. 18. 18. 18. 18. 18. 17. 17. 17. 17. 17. 17.
 17. 17.]
	 RN : [19. 19. 19. 19. 19. 19. 19. 19. 19. 19. 19. 19. 18. 18. 18. 18. 18. 18.
 18. 18.]
	 Queue Understanding : deque([13, 14, 15, 16, 0, 17, 18, 19, 1, 2, 3, 4, 5, 6, 7, 8, 9])
13:29: I'm 11 and I got a token.
	 LN : [18. 18. 18. 18. 18. 18. 18. 18. 18. 18. 18. 18. 17. 17. 17. 17. 17. 17.
 17. 17.]
	 RN : [20. 20. 20. 20. 20. 20. 20. 20. 20. 20. 19. 19. 19. 19. 19. 19. 19. 19.
 19. 19.]
	 Queue Understanding : deque([13, 14, 15, 16, 0, 17, 18, 19, 1, 2, 3, 4, 5, 6, 7, 8, 9])
13:29: I am 11 and execute 19 CS.
	 LN : [19. 19. 19. 19. 19. 19. 19. 19. 19. 19. 19. 18. 18. 18. 18. 18. 18. 18.
 18. 18.]
	 RN : [20. 20. 20. 20. 20. 20. 20. 20. 20. 20. 19. 19. 19. 19. 19. 19. 19. 19.
 19. 19.]
	 Queue Understanding : deque([12, 13, 14, 15, 16, 0, 17, 18, 19, 1, 2, 3, 4, 5, 6, 7, 8])
13:32: I'm 11 and finished 19 CS.
	 LN : [19. 19. 19. 19. 19. 19. 19. 19. 19. 19. 19. 18. 18. 18. 18. 18. 18. 18.
 18. 18.]
	 RN : [20. 20. 20. 20. 20. 20. 20. 20. 20. 20. 19. 19. 19. 19. 19. 19. 19. 19.
 19. 19.]
	 Queue Understanding : deque([12, 13, 14, 15, 16, 0, 17, 18, 19, 1, 2, 3, 4, 5, 6, 7, 8])
13:32: I'm 11 and it adds 9 to the queue. Queue after adding: deque([12, 13, 14, 15, 16, 0, 17, 18, 19, 1, 2, 3, 4, 5, 6, 7, 8, 9]).
	 LN : [19. 19. 19. 19. 19. 19. 19. 19. 19. 19. 19. 19. 18. 18. 18. 18. 18. 18.
 18. 18.]
	 RN : [20. 20. 20. 20. 20. 20. 20. 20. 20. 20. 19. 19. 19. 19. 19. 19. 19. 19.
 19. 19.]
	 Queue Understanding : deque([12, 13, 14, 15, 16, 0, 17, 18, 19, 1, 2, 3, 4, 5, 6, 7, 8, 9])
13:32: I'm 11 and sending the token to 12.
	 LN : [19. 19. 19. 19. 19. 19. 19. 19. 19. 19. 19. 19. 18. 18. 18. 18. 18. 18.
 18. 18.]
	 RN : [20. 20. 20. 20. 20. 20. 20. 20. 20. 20. 19. 19. 19. 19. 19. 19. 19. 19.
 19. 19.]
	 Queue Understanding : deque([13, 14, 15, 16, 0, 17, 18, 19, 1, 2, 3, 4, 5, 6, 7, 8, 9])
13:34: I'm 11 and want a token for the 20 time.
	 LN : [19. 19. 19. 19. 19. 19. 19. 19. 19. 19. 19. 19. 18. 18. 18. 18. 18. 18.
 18. 18.]
	 RN : [20. 20. 20. 20. 20. 20. 20. 20. 20. 20. 20. 20. 19. 19. 19. 19. 19. 19.
 19. 19.]
	 Queue Understanding : deque([13, 14, 15, 16, 0, 17, 18, 19, 1, 2, 3, 4, 5, 6, 7, 8, 9])
14:37: I'm 11 and I got a token.
	 LN : [19. 19. 19. 19. 19. 19. 19. 19. 19. 19. 19. 19. 18. 18. 18. 18. 18. 18.
 18. 18.]
	 RN : [21. 21. 21. 21. 21. 21. 21. 21. 21. 21. 20. 20. 20. 20. 20. 20. 20. 20.
 20. 20.]
	 Queue Understanding : deque([13, 14, 15, 16, 0, 17, 18, 19, 1, 2, 3, 4, 5, 6, 7, 8, 9])
14:37: I am 11 and execute 20 CS.
	 LN : [20. 20. 20. 20. 20. 20. 20. 20. 20. 20. 20. 19. 19. 19. 19. 19. 19. 19.
 19. 19.]
	 RN : [21. 21. 21. 21. 21. 21. 21. 21. 21. 21. 20. 20. 20. 20. 20. 20. 20. 20.
 20. 20.]
	 Queue Understanding : deque([12, 13, 14, 15, 16, 0, 17, 18, 19, 1, 2, 3, 4, 5, 6, 7, 8])
14:39: I'm 11 and finished 20 CS.
	 LN : [20. 20. 20. 20. 20. 20. 20. 20. 20. 20. 20. 19. 19. 19. 19. 19. 19. 19.
 19. 19.]
	 RN : [21. 21. 21. 21. 21. 21. 21. 21. 21. 21. 20. 20. 20. 20. 20. 20. 20. 20.
 20. 20.]
	 Queue Understanding : deque([12, 13, 14, 15, 16, 0, 17, 18, 19, 1, 2, 3, 4, 5, 6, 7, 8])
14:39: I'm 11 and it adds 9 to the queue. Queue after adding: deque([12, 13, 14, 15, 16, 0, 17, 18, 19, 1, 2, 3, 4, 5, 6, 7, 8, 9]).
	 LN : [20. 20. 20. 20. 20. 20. 20. 20. 20. 20. 20. 20. 19. 19. 19. 19. 19. 19.
 19. 19.]
	 RN : [21. 21. 21. 21. 21. 21. 21. 21. 21. 21. 20. 20. 20. 20. 20. 20. 20. 20.
 20. 20.]
	 Queue Understanding : deque([12, 13, 14, 15, 16, 0, 17, 18, 19, 1, 2, 3, 4, 5, 6, 7, 8, 9])
14:39: I'm 11 and sending the token to 12.
	 LN : [20. 20. 20. 20. 20. 20. 20. 20. 20. 20. 20. 20. 19. 19. 19. 19. 19. 19.
 19. 19.]
	 RN : [21. 21. 21. 21. 21. 21. 21. 21. 21. 21. 20. 20. 20. 20. 20. 20. 20. 20.
 20. 20.]
	 Queue Understanding : deque([13, 14, 15, 16, 0, 17, 18, 19, 1, 2, 3, 4, 5, 6, 7, 8, 9])
14:41: I'm 11 and want a token for the 21 time.
	 LN : [20. 20. 20. 20. 20. 20. 20. 20. 20. 20. 20. 20. 19. 19. 19. 19. 19. 19.
 19. 19.]
	 RN : [21. 21. 21. 21. 21. 21. 21. 21. 21. 21. 21. 21. 20. 20. 20. 20. 20. 20.
 20. 20.]
	 Queue Understanding : deque([13, 14, 15, 16, 0, 17, 18, 19, 1, 2, 3, 4, 5, 6, 7, 8, 9])
15:42: I'm 11 and I got a token.
	 LN : [20. 20. 20. 20. 20. 20. 20. 20. 20. 20. 20. 20. 19. 19. 19. 19. 19. 19.
 19. 19.]
	 RN : [22. 22. 22. 22. 22. 22. 22. 22. 22. 22. 21. 21. 21. 21. 21. 21. 21. 21.
 21. 21.]
	 Queue Understanding : deque([13, 14, 15, 16, 0, 17, 18, 19, 1, 2, 3, 4, 5, 6, 7, 8, 9])
15:42: I am 11 and execute 21 CS.
	 LN : [21. 21. 21. 21. 21. 21. 21. 21. 21. 21. 21. 20. 20. 20. 20. 20. 20. 20.
 20. 20.]
	 RN : [22. 22. 22. 22. 22. 22. 22. 22. 22. 22. 21. 21. 21. 21. 21. 21. 21. 21.
 21. 21.]
	 Queue Understanding : deque([12, 13, 14, 15, 16, 0, 17, 18, 19, 1, 2, 3, 4, 5, 6, 7, 8])
15:46: I'm 11 and finished 21 CS.
	 LN : [21. 21. 21. 21. 21. 21. 21. 21. 21. 21. 21. 20. 20. 20. 20. 20. 20. 20.
 20. 20.]
	 RN : [22. 22. 22. 22. 22. 22. 22. 22. 22. 22. 21. 21. 21. 21. 21. 21. 21. 21.
 21. 21.]
	 Queue Understanding : deque([12, 13, 14, 15, 16, 0, 17, 18, 19, 1, 2, 3, 4, 5, 6, 7, 8])
15:46: I'm 11 and it adds 9 to the queue. Queue after adding: deque([12, 13, 14, 15, 16, 0, 17, 18, 19, 1, 2, 3, 4, 5, 6, 7, 8, 9]).
	 LN : [21. 21. 21. 21. 21. 21. 21. 21. 21. 21. 21. 21. 20. 20. 20. 20. 20. 20.
 20. 20.]
	 RN : [22. 22. 22. 22. 22. 22. 22. 22. 22. 22. 21. 21. 21. 21. 21. 21. 21. 21.
 21. 21.]
	 Queue Understanding : deque([12, 13, 14, 15, 16, 0, 17, 18, 19, 1, 2, 3, 4, 5, 6, 7, 8, 9])
15:46: I'm 11 and sending the token to 12.
	 LN : [21. 21. 21. 21. 21. 21. 21. 21. 21. 21. 21. 21. 20. 20. 20. 20. 20. 20.
 20. 20.]
	 RN : [22. 22. 22. 22. 22. 22. 22. 22. 22. 22. 21. 21. 21. 21. 21. 21. 21. 21.
 21. 21.]
	 Queue Understanding : deque([13, 14, 15, 16, 0, 17, 18, 19, 1, 2, 3, 4, 5, 6, 7, 8, 9])
15:48: I'm 11 and want a token for the 22 time.
	 LN : [21. 21. 21. 21. 21. 21. 21. 21. 21. 21. 21. 21. 20. 20. 20. 20. 20. 20.
 20. 20.]
	 RN : [22. 22. 22. 22. 22. 22. 22. 22. 22. 22. 22. 22. 21. 21. 21. 21. 21. 21.
 21. 21.]
	 Queue Understanding : deque([13, 14, 15, 16, 0, 17, 18, 19, 1, 2, 3, 4, 5, 6, 7, 8, 9])
16:49: I'm 11 and I got a token.
	 LN : [21. 21. 21. 21. 21. 21. 21. 21. 21. 21. 21. 21. 20. 20. 20. 20. 20. 20.
 20. 20.]
	 RN : [23. 23. 23. 23. 23. 23. 23. 23. 23. 23. 22. 22. 22. 22. 22. 22. 22. 22.
 22. 22.]
	 Queue Understanding : deque([13, 14, 15, 16, 0, 17, 18, 19, 1, 2, 3, 4, 5, 6, 7, 8, 9])
16:49: I am 11 and execute 22 CS.
	 LN : [22. 22. 22. 22. 22. 22. 22. 22. 22. 22. 22. 21. 21. 21. 21. 21. 21. 21.
 21. 21.]
	 RN : [23. 23. 23. 23. 23. 23. 23. 23. 23. 23. 22. 22. 22. 22. 22. 22. 22. 22.
 22. 22.]
	 Queue Understanding : deque([12, 13, 14, 15, 16, 0, 17, 18, 19, 1, 2, 3, 4, 5, 6, 7, 8])
16:53: I'm 11 and finished 22 CS.
	 LN : [22. 22. 22. 22. 22. 22. 22. 22. 22. 22. 22. 21. 21. 21. 21. 21. 21. 21.
 21. 21.]
	 RN : [23. 23. 23. 23. 23. 23. 23. 23. 23. 23. 22. 22. 22. 22. 22. 22. 22. 22.
 22. 22.]
	 Queue Understanding : deque([12, 13, 14, 15, 16, 0, 17, 18, 19, 1, 2, 3, 4, 5, 6, 7, 8])
16:53: I'm 11 and it adds 9 to the queue. Queue after adding: deque([12, 13, 14, 15, 16, 0, 17, 18, 19, 1, 2, 3, 4, 5, 6, 7, 8, 9]).
	 LN : [22. 22. 22. 22. 22. 22. 22. 22. 22. 22. 22. 22. 21. 21. 21. 21. 21. 21.
 21. 21.]
	 RN : [23. 23. 23. 23. 23. 23. 23. 23. 23. 23. 22. 22. 22. 22. 22. 22. 22. 22.
 22. 22.]
	 Queue Understanding : deque([12, 13, 14, 15, 16, 0, 17, 18, 19, 1, 2, 3, 4, 5, 6, 7, 8, 9])
16:53: I'm 11 and sending the token to 12.
	 LN : [22. 22. 22. 22. 22. 22. 22. 22. 22. 22. 22. 22. 21. 21. 21. 21. 21. 21.
 21. 21.]
	 RN : [23. 23. 23. 23. 23. 23. 23. 23. 23. 23. 22. 22. 22. 22. 22. 22. 22. 22.
 22. 22.]
	 Queue Understanding : deque([13, 14, 15, 16, 0, 17, 18, 19, 1, 2, 3, 4, 5, 6, 7, 8, 9])
16:55: I'm 11 and want a token for the 23 time.
	 LN : [22. 22. 22. 22. 22. 22. 22. 22. 22. 22. 22. 22. 21. 21. 21. 21. 21. 21.
 21. 21.]
	 RN : [23. 23. 23. 23. 23. 23. 23. 23. 23. 23. 23. 23. 22. 22. 22. 22. 22. 22.
 22. 22.]
	 Queue Understanding : deque([13, 14, 15, 16, 0, 17, 18, 19, 1, 2, 3, 4, 5, 6, 7, 8, 9])
17:58: I'm 11 and I got a token.
	 LN : [22. 22. 22. 22. 22. 22. 22. 22. 22. 22. 22. 22. 21. 21. 21. 21. 21. 21.
 21. 21.]
	 RN : [24. 24. 24. 24. 24. 24. 24. 24. 24. 24. 23. 23. 23. 23. 23. 23. 23. 23.
 23. 23.]
	 Queue Understanding : deque([13, 14, 15, 16, 0, 17, 18, 19, 1, 2, 3, 4, 5, 6, 7, 8, 9])
17:58: I am 11 and execute 23 CS.
	 LN : [23. 23. 23. 23. 23. 23. 23. 23. 23. 23. 23. 22. 22. 22. 22. 22. 22. 22.
 22. 22.]
	 RN : [24. 24. 24. 24. 24. 24. 24. 24. 24. 24. 23. 23. 23. 23. 23. 23. 23. 23.
 23. 23.]
	 Queue Understanding : deque([12, 13, 14, 15, 16, 0, 17, 18, 19, 1, 2, 3, 4, 5, 6, 7, 8])
18:03: I'm 11 and finished 23 CS.
	 LN : [23. 23. 23. 23. 23. 23. 23. 23. 23. 23. 23. 22. 22. 22. 22. 22. 22. 22.
 22. 22.]
	 RN : [24. 24. 24. 24. 24. 24. 24. 24. 24. 24. 23. 23. 23. 23. 23. 23. 23. 23.
 23. 23.]
	 Queue Understanding : deque([12, 13, 14, 15, 16, 0, 17, 18, 19, 1, 2, 3, 4, 5, 6, 7, 8])
18:03: I'm 11 and it adds 9 to the queue. Queue after adding: deque([12, 13, 14, 15, 16, 0, 17, 18, 19, 1, 2, 3, 4, 5, 6, 7, 8, 9]).
	 LN : [23. 23. 23. 23. 23. 23. 23. 23. 23. 23. 23. 23. 22. 22. 22. 22. 22. 22.
 22. 22.]
	 RN : [24. 24. 24. 24. 24. 24. 24. 24. 24. 24. 23. 23. 23. 23. 23. 23. 23. 23.
 23. 23.]
	 Queue Understanding : deque([12, 13, 14, 15, 16, 0, 17, 18, 19, 1, 2, 3, 4, 5, 6, 7, 8, 9])
18:03: I'm 11 and sending the token to 12.
	 LN : [23. 23. 23. 23. 23. 23. 23. 23. 23. 23. 23. 23. 22. 22. 22. 22. 22. 22.
 22. 22.]
	 RN : [24. 24. 24. 24. 24. 24. 24. 24. 24. 24. 23. 23. 23. 23. 23. 23. 23. 23.
 23. 23.]
	 Queue Understanding : deque([13, 14, 15, 16, 0, 17, 18, 19, 1, 2, 3, 4, 5, 6, 7, 8, 9])
18:05: I'm 11 and want a token for the 24 time.
	 LN : [23. 23. 23. 23. 23. 23. 23. 23. 23. 23. 23. 23. 22. 22. 22. 22. 22. 22.
 22. 22.]
	 RN : [24. 24. 24. 24. 24. 24. 24. 24. 24. 24. 24. 24. 23. 23. 23. 23. 23. 23.
 23. 23.]
	 Queue Understanding : deque([13, 14, 15, 16, 0, 17, 18, 19, 1, 2, 3, 4, 5, 6, 7, 8, 9])
19:09: I'm 11 and I got a token.
	 LN : [23. 23. 23. 23. 23. 23. 23. 23. 23. 23. 23. 23. 22. 22. 22. 22. 22. 22.
 22. 22.]
	 RN : [25. 25. 25. 25. 25. 25. 25. 25. 25. 25. 24. 24. 24. 24. 24. 24. 24. 24.
 24. 24.]
	 Queue Understanding : deque([13, 14, 15, 16, 0, 17, 18, 19, 1, 2, 3, 4, 5, 6, 7, 8, 9])
19:09: I am 11 and execute 24 CS.
	 LN : [24. 24. 24. 24. 24. 24. 24. 24. 24. 24. 24. 23. 23. 23. 23. 23. 23. 23.
 23. 23.]
	 RN : [25. 25. 25. 25. 25. 25. 25. 25. 25. 25. 24. 24. 24. 24. 24. 24. 24. 24.
 24. 24.]
	 Queue Understanding : deque([12, 13, 14, 15, 16, 0, 17, 18, 1, 19, 2, 3, 4, 5, 6, 7, 8])
19:11: I'm 11 and finished 24 CS.
	 LN : [24. 24. 24. 24. 24. 24. 24. 24. 24. 24. 24. 23. 23. 23. 23. 23. 23. 23.
 23. 23.]
	 RN : [25. 25. 25. 25. 25. 25. 25. 25. 25. 25. 24. 24. 24. 24. 24. 24. 24. 24.
 24. 24.]
	 Queue Understanding : deque([12, 13, 14, 15, 16, 0, 17, 18, 1, 19, 2, 3, 4, 5, 6, 7, 8])
19:11: I'm 11 and it adds 9 to the queue. Queue after adding: deque([12, 13, 14, 15, 16, 0, 17, 18, 1, 19, 2, 3, 4, 5, 6, 7, 8, 9]).
	 LN : [24. 24. 24. 24. 24. 24. 24. 24. 24. 24. 24. 24. 23. 23. 23. 23. 23. 23.
 23. 23.]
	 RN : [25. 25. 25. 25. 25. 25. 25. 25. 25. 25. 24. 24. 24. 24. 24. 24. 24. 24.
 24. 24.]
	 Queue Understanding : deque([12, 13, 14, 15, 16, 0, 17, 18, 1, 19, 2, 3, 4, 5, 6, 7, 8, 9])
19:11: I'm 11 and sending the token to 12.
	 LN : [24. 24. 24. 24. 24. 24. 24. 24. 24. 24. 24. 24. 23. 23. 23. 23. 23. 23.
 23. 23.]
	 RN : [25. 25. 25. 25. 25. 25. 25. 25. 25. 25. 24. 24. 24. 24. 24. 24. 24. 24.
 24. 24.]
	 Queue Understanding : deque([13, 14, 15, 16, 0, 17, 18, 1, 19, 2, 3, 4, 5, 6, 7, 8, 9])
19:14: I'm 11 and want a token for the 25 time.
	 LN : [24. 24. 24. 24. 24. 24. 24. 24. 24. 24. 24. 24. 23. 23. 23. 23. 23. 23.
 23. 23.]
	 RN : [25. 25. 25. 25. 25. 25. 25. 25. 25. 25. 25. 25. 24. 24. 24. 24. 24. 24.
 24. 24.]
	 Queue Understanding : deque([13, 14, 15, 16, 0, 17, 18, 1, 19, 2, 3, 4, 5, 6, 7, 8, 9])
20:20: I'm 11 and I got a token.
	 LN : [24. 24. 24. 24. 24. 24. 24. 24. 24. 24. 24. 24. 23. 23. 23. 23. 23. 23.
 23. 23.]
	 RN : [26. 26. 26. 26. 26. 26. 26. 26. 26. 26. 25. 25. 25. 25. 25. 25. 25. 25.
 25. 25.]
	 Queue Understanding : deque([13, 14, 15, 16, 0, 17, 18, 1, 19, 2, 3, 4, 5, 6, 7, 8, 9])
20:20: I am 11 and execute 25 CS.
	 LN : [25. 25. 25. 25. 25. 25. 25. 25. 25. 25. 25. 24. 24. 24. 24. 24. 24. 24.
 24. 24.]
	 RN : [26. 26. 26. 26. 26. 26. 26. 26. 26. 26. 25. 25. 25. 25. 25. 25. 25. 25.
 25. 25.]
	 Queue Understanding : deque([12, 13, 14, 15, 16, 0, 17, 1, 18, 19, 2, 3, 4, 5, 6, 7, 8])
20:24: I'm 11 and finished 25 CS.
	 LN : [25. 25. 25. 25. 25. 25. 25. 25. 25. 25. 25. 24. 24. 24. 24. 24. 24. 24.
 24. 24.]
	 RN : [26. 26. 26. 26. 26. 26. 26. 26. 26. 26. 25. 25. 25. 25. 25. 25. 25. 25.
 25. 25.]
	 Queue Understanding : deque([12, 13, 14, 15, 16, 0, 17, 1, 18, 19, 2, 3, 4, 5, 6, 7, 8])
20:24: I'm 11 and it adds 9 to the queue. Queue after adding: deque([12, 13, 14, 15, 16, 0, 17, 1, 18, 19, 2, 3, 4, 5, 6, 7, 8, 9]).
	 LN : [25. 25. 25. 25. 25. 25. 25. 25. 25. 25. 25. 25. 24. 24. 24. 24. 24. 24.
 24. 24.]
	 RN : [26. 26. 26. 26. 26. 26. 26. 26. 26. 26. 25. 25. 25. 25. 25. 25. 25. 25.
 25. 25.]
	 Queue Understanding : deque([12, 13, 14, 15, 16, 0, 17, 1, 18, 19, 2, 3, 4, 5, 6, 7, 8, 9])
20:24: I'm 11 and sending the token to 12.
	 LN : [25. 25. 25. 25. 25. 25. 25. 25. 25. 25. 25. 25. 24. 24. 24. 24. 24. 24.
 24. 24.]
	 RN : [26. 26. 26. 26. 26. 26. 26. 26. 26. 26. 25. 25. 25. 25. 25. 25. 25. 25.
 25. 25.]
	 Queue Understanding : deque([13, 14, 15, 16, 0, 17, 1, 18, 19, 2, 3, 4, 5, 6, 7, 8, 9])
20:26: I'm 11 and want a token for the 26 time.
	 LN : [25. 25. 25. 25. 25. 25. 25. 25. 25. 25. 25. 25. 24. 24. 24. 24. 24. 24.
 24. 24.]
	 RN : [26. 26. 26. 26. 26. 26. 26. 26. 26. 26. 26. 26. 25. 25. 25. 25. 25. 25.
 25. 25.]
	 Queue Understanding : deque([13, 14, 15, 16, 0, 17, 1, 18, 19, 2, 3, 4, 5, 6, 7, 8, 9])
21:28: I'm 11 and I got a token.
	 LN : [25. 25. 25. 25. 25. 25. 25. 25. 25. 25. 25. 25. 24. 24. 24. 24. 24. 24.
 24. 24.]
	 RN : [27. 27. 27. 27. 27. 27. 27. 27. 27. 27. 26. 26. 26. 26. 26. 26. 26. 26.
 26. 26.]
	 Queue Understanding : deque([13, 14, 15, 16, 0, 17, 1, 18, 19, 2, 3, 4, 5, 6, 7, 8, 9])
21:28: I am 11 and execute 26 CS.
	 LN : [26. 26. 26. 26. 26. 26. 26. 26. 26. 26. 26. 25. 25. 25. 25. 25. 25. 25.
 25. 25.]
	 RN : [27. 27. 27. 27. 27. 27. 27. 27. 27. 27. 26. 26. 26. 26. 26. 26. 26. 26.
 26. 26.]
	 Queue Understanding : deque([12, 13, 14, 15, 0, 16, 1, 17, 18, 19, 2, 3, 4, 5, 6, 7, 8])
21:32: I'm 11 and finished 26 CS.
	 LN : [26. 26. 26. 26. 26. 26. 26. 26. 26. 26. 26. 25. 25. 25. 25. 25. 25. 25.
 25. 25.]
	 RN : [27. 27. 27. 27. 27. 27. 27. 27. 27. 27. 26. 26. 26. 26. 26. 26. 26. 26.
 26. 26.]
	 Queue Understanding : deque([12, 13, 14, 15, 0, 16, 1, 17, 18, 19, 2, 3, 4, 5, 6, 7, 8])
21:32: I'm 11 and it adds 9 to the queue. Queue after adding: deque([12, 13, 14, 15, 0, 16, 1, 17, 18, 19, 2, 3, 4, 5, 6, 7, 8, 9]).
	 LN : [26. 26. 26. 26. 26. 26. 26. 26. 26. 26. 26. 26. 25. 25. 25. 25. 25. 25.
 25. 25.]
	 RN : [27. 27. 27. 27. 27. 27. 27. 27. 27. 27. 26. 26. 26. 26. 26. 26. 26. 26.
 26. 26.]
	 Queue Understanding : deque([12, 13, 14, 15, 0, 16, 1, 17, 18, 19, 2, 3, 4, 5, 6, 7, 8, 9])
21:32: I'm 11 and sending the token to 12.
	 LN : [26. 26. 26. 26. 26. 26. 26. 26. 26. 26. 26. 26. 25. 25. 25. 25. 25. 25.
 25. 25.]
	 RN : [27. 27. 27. 27. 27. 27. 27. 27. 27. 27. 26. 26. 26. 26. 26. 26. 26. 26.
 26. 26.]
	 Queue Understanding : deque([13, 14, 15, 0, 16, 1, 17, 18, 19, 2, 3, 4, 5, 6, 7, 8, 9])
21:34: I'm 11 and want a token for the 27 time.
	 LN : [26. 26. 26. 26. 26. 26. 26. 26. 26. 26. 26. 26. 25. 25. 25. 25. 25. 25.
 25. 25.]
	 RN : [27. 27. 27. 27. 27. 27. 27. 27. 27. 27. 27. 27. 26. 26. 26. 26. 26. 26.
 26. 26.]
	 Queue Understanding : deque([13, 14, 15, 0, 16, 1, 17, 18, 19, 2, 3, 4, 5, 6, 7, 8, 9])
22:40: I'm 11 and I got a token.
	 LN : [26. 26. 26. 26. 26. 26. 26. 26. 26. 26. 26. 26. 25. 25. 25. 25. 25. 25.
 25. 25.]
	 RN : [28. 28. 28. 28. 28. 28. 28. 28. 28. 28. 27. 27. 27. 27. 27. 27. 27. 27.
 27. 27.]
	 Queue Understanding : deque([13, 14, 15, 0, 16, 1, 17, 18, 19, 2, 3, 4, 5, 6, 7, 8, 9])
22:40: I am 11 and execute 27 CS.
	 LN : [27. 27. 27. 27. 27. 27. 27. 27. 27. 27. 27. 26. 26. 26. 26. 26. 26. 26.
 26. 26.]
	 RN : [28. 28. 28. 28. 28. 28. 28. 28. 28. 28. 27. 27. 27. 27. 27. 27. 27. 27.
 27. 27.]
	 Queue Understanding : deque([12, 13, 14, 15, 0, 16, 1, 17, 18, 19, 2, 3, 4, 5, 6, 7, 8])
22:43: I'm 11 and finished 27 CS.
	 LN : [27. 27. 27. 27. 27. 27. 27. 27. 27. 27. 27. 26. 26. 26. 26. 26. 26. 26.
 26. 26.]
	 RN : [28. 28. 28. 28. 28. 28. 28. 28. 28. 28. 27. 27. 27. 27. 27. 27. 27. 27.
 27. 27.]
	 Queue Understanding : deque([12, 13, 14, 15, 0, 16, 1, 17, 18, 19, 2, 3, 4, 5, 6, 7, 8])
22:43: I'm 11 and it adds 9 to the queue. Queue after adding: deque([12, 13, 14, 15, 0, 16, 1, 17, 18, 19, 2, 3, 4, 5, 6, 7, 8, 9]).
	 LN : [27. 27. 27. 27. 27. 27. 27. 27. 27. 27. 27. 27. 26. 26. 26. 26. 26. 26.
 26. 26.]
	 RN : [28. 28. 28. 28. 28. 28. 28. 28. 28. 28. 27. 27. 27. 27. 27. 27. 27. 27.
 27. 27.]
	 Queue Understanding : deque([12, 13, 14, 15, 0, 16, 1, 17, 18, 19, 2, 3, 4, 5, 6, 7, 8, 9])
22:43: I'm 11 and sending the token to 12.
	 LN : [27. 27. 27. 27. 27. 27. 27. 27. 27. 27. 27. 27. 26. 26. 26. 26. 26. 26.
 26. 26.]
	 RN : [28. 28. 28. 28. 28. 28. 28. 28. 28. 28. 27. 27. 27. 27. 27. 27. 27. 27.
 27. 27.]
	 Queue Understanding : deque([13, 14, 15, 0, 16, 1, 17, 18, 19, 2, 3, 4, 5, 6, 7, 8, 9])
22:46: I'm 11 and want a token for the 28 time.
	 LN : [27. 27. 27. 27. 27. 27. 27. 27. 27. 27. 27. 27. 26. 26. 26. 26. 26. 26.
 26. 26.]
	 RN : [28. 28. 28. 28. 28. 28. 28. 28. 28. 28. 28. 28. 27. 27. 27. 27. 27. 27.
 27. 27.]
	 Queue Understanding : deque([13, 14, 15, 0, 16, 1, 17, 18, 19, 2, 3, 4, 5, 6, 7, 8, 9])
23:50: I'm 11 and I got a token.
	 LN : [27. 27. 27. 27. 27. 27. 27. 27. 27. 27. 27. 27. 26. 26. 26. 26. 26. 26.
 26. 26.]
	 RN : [29. 29. 29. 29. 29. 29. 29. 29. 29. 29. 28. 28. 28. 28. 28. 28. 28. 28.
 28. 28.]
	 Queue Understanding : deque([13, 14, 15, 0, 16, 1, 17, 18, 19, 2, 3, 4, 5, 6, 7, 8, 9])
23:50: I am 11 and execute 28 CS.
	 LN : [28. 28. 28. 28. 28. 28. 28. 28. 28. 28. 28. 27. 27. 27. 27. 27. 27. 27.
 27. 27.]
	 RN : [29. 29. 29. 29. 29. 29. 29. 29. 29. 29. 28. 28. 28. 28. 28. 28. 28. 28.
 28. 28.]
	 Queue Understanding : deque([12, 13, 14, 15, 0, 16, 1, 17, 18, 19, 2, 3, 4, 5, 6, 7, 8])
23:53: I'm 11 and finished 28 CS.
	 LN : [28. 28. 28. 28. 28. 28. 28. 28. 28. 28. 28. 27. 27. 27. 27. 27. 27. 27.
 27. 27.]
	 RN : [29. 29. 29. 29. 29. 29. 29. 29. 29. 29. 28. 28. 28. 28. 28. 28. 28. 28.
 28. 28.]
	 Queue Understanding : deque([12, 13, 14, 15, 0, 16, 1, 17, 18, 19, 2, 3, 4, 5, 6, 7, 8])
23:53: I'm 11 and it adds 9 to the queue. Queue after adding: deque([12, 13, 14, 15, 0, 16, 1, 17, 18, 19, 2, 3, 4, 5, 6, 7, 8, 9]).
	 LN : [28. 28. 28. 28. 28. 28. 28. 28. 28. 28. 28. 28. 27. 27. 27. 27. 27. 27.
 27. 27.]
	 RN : [29. 29. 29. 29. 29. 29. 29. 29. 29. 29. 28. 28. 28. 28. 28. 28. 28. 28.
 28. 28.]
	 Queue Understanding : deque([12, 13, 14, 15, 0, 16, 1, 17, 18, 19, 2, 3, 4, 5, 6, 7, 8, 9])
23:53: I'm 11 and sending the token to 12.
	 LN : [28. 28. 28. 28. 28. 28. 28. 28. 28. 28. 28. 28. 27. 27. 27. 27. 27. 27.
 27. 27.]
	 RN : [29. 29. 29. 29. 29. 29. 29. 29. 29. 29. 28. 28. 28. 28. 28. 28. 28. 28.
 28. 28.]
	 Queue Understanding : deque([13, 14, 15, 0, 16, 1, 17, 18, 19, 2, 3, 4, 5, 6, 7, 8, 9])
23:55: I'm 11 and want a token for the 29 time.
	 LN : [28. 28. 28. 28. 28. 28. 28. 28. 28. 28. 28. 28. 27. 27. 27. 27. 27. 27.
 27. 27.]
	 RN : [29. 29. 29. 29. 29. 29. 29. 29. 29. 29. 29. 29. 28. 28. 28. 28. 28. 28.
 28. 28.]
	 Queue Understanding : deque([13, 14, 15, 0, 16, 1, 17, 18, 19, 2, 3, 4, 5, 6, 7, 8, 9])
25:03: I'm 11 and I got a token.
	 LN : [28. 28. 28. 28. 28. 28. 28. 28. 28. 28. 28. 28. 27. 27. 27. 27. 27. 27.
 27. 27.]
	 RN : [30. 30. 30. 30. 30. 30. 30. 30. 30. 30. 29. 29. 29. 29. 29. 29. 29. 29.
 29. 29.]
	 Queue Understanding : deque([13, 14, 15, 0, 16, 1, 17, 18, 19, 2, 3, 4, 5, 6, 7, 8, 9])
25:03: I am 11 and execute 29 CS.
	 LN : [29. 29. 29. 29. 29. 29. 29. 29. 29. 29. 29. 28. 28. 28. 28. 28. 28. 28.
 28. 28.]
	 RN : [30. 30. 30. 30. 30. 30. 30. 30. 30. 30. 29. 29. 29. 29. 29. 29. 29. 29.
 29. 29.]
	 Queue Understanding : deque([12, 13, 14, 15, 0, 16, 1, 17, 18, 2, 19, 3, 4, 5, 6, 7, 8])
25:06: I'm 11 and finished 29 CS.
	 LN : [29. 29. 29. 29. 29. 29. 29. 29. 29. 29. 29. 28. 28. 28. 28. 28. 28. 28.
 28. 28.]
	 RN : [30. 30. 30. 30. 30. 30. 30. 30. 30. 30. 29. 29. 29. 29. 29. 29. 29. 29.
 29. 29.]
	 Queue Understanding : deque([12, 13, 14, 15, 0, 16, 1, 17, 18, 2, 19, 3, 4, 5, 6, 7, 8])
25:06: I'm 11 and it adds 9 to the queue. Queue after adding: deque([12, 13, 14, 15, 0, 16, 1, 17, 18, 2, 19, 3, 4, 5, 6, 7, 8, 9]).
	 LN : [29. 29. 29. 29. 29. 29. 29. 29. 29. 29. 29. 29. 28. 28. 28. 28. 28. 28.
 28. 28.]
	 RN : [30. 30. 30. 30. 30. 30. 30. 30. 30. 30. 29. 29. 29. 29. 29. 29. 29. 29.
 29. 29.]
	 Queue Understanding : deque([12, 13, 14, 15, 0, 16, 1, 17, 18, 2, 19, 3, 4, 5, 6, 7, 8, 9])
25:06: I'm 11 and sending the token to 12.
	 LN : [29. 29. 29. 29. 29. 29. 29. 29. 29. 29. 29. 29. 28. 28. 28. 28. 28. 28.
 28. 28.]
	 RN : [30. 30. 30. 30. 30. 30. 30. 30. 30. 30. 29. 29. 29. 29. 29. 29. 29. 29.
 29. 29.]
	 Queue Understanding : deque([13, 14, 15, 0, 16, 1, 17, 18, 2, 19, 3, 4, 5, 6, 7, 8, 9])
25:09: I'm 11 and want a token for the 30 time.
	 LN : [29. 29. 29. 29. 29. 29. 29. 29. 29. 29. 29. 29. 28. 28. 28. 28. 28. 28.
 28. 28.]
	 RN : [30. 30. 30. 30. 30. 30. 30. 30. 30. 30. 30. 30. 29. 29. 29. 29. 29. 29.
 29. 29.]
	 Queue Understanding : deque([13, 14, 15, 0, 16, 1, 17, 18, 2, 19, 3, 4, 5, 6, 7, 8, 9])
