51:22: I'm 4 and want a token for the 1 time.
	 LN : [0. 0. 0. 0. 0. 0. 0. 0. 0. 0. 0. 0. 0. 0. 0. 0. 0. 0. 0. 0.]
	 RN : [1. 0. 0. 0. 1. 0. 0. 0. 0. 0. 0. 0. 0. 0. 0. 0. 0. 0. 0. 1.]
	 Queue Understanding : deque([])
51:35: I'm 4 and I got a token.
	 LN : [0. 0. 0. 0. 0. 0. 0. 0. 0. 0. 0. 0. 0. 0. 0. 0. 0. 0. 0. 0.]
	 RN : [2. 2. 2. 1. 1. 1. 1. 1. 1. 1. 1. 1. 1. 1. 1. 1. 1. 1. 1. 1.]
	 Queue Understanding : deque([])
51:35: I am 4 and execute 1 CS.
	 LN : [1. 1. 1. 1. 0. 0. 0. 0. 0. 0. 0. 0. 0. 0. 0. 0. 0. 0. 0. 0.]
	 RN : [2. 2. 2. 1. 1. 1. 1. 1. 1. 1. 1. 1. 1. 1. 1. 1. 1. 1. 1. 1.]
	 Queue Understanding : deque([5, 6, 7, 8, 9, 10, 11, 12, 13, 14, 15, 16, 17, 18, 19, 0, 1])
51:38: I'm 4 and finished 1 CS.
	 LN : [1. 1. 1. 1. 0. 0. 0. 0. 0. 0. 0. 0. 0. 0. 0. 0. 0. 0. 0. 0.]
	 RN : [2. 2. 2. 1. 1. 1. 1. 1. 1. 1. 1. 1. 1. 1. 1. 1. 1. 1. 1. 1.]
	 Queue Understanding : deque([5, 6, 7, 8, 9, 10, 11, 12, 13, 14, 15, 16, 17, 18, 19, 0, 1])
51:38: I'm 4 and it adds 2 to the queue. Queue after adding: deque([5, 6, 7, 8, 9, 10, 11, 12, 13, 14, 15, 16, 17, 18, 19, 0, 1, 2]).
	 LN : [1. 1. 1. 1. 1. 0. 0. 0. 0. 0. 0. 0. 0. 0. 0. 0. 0. 0. 0. 0.]
	 RN : [2. 2. 2. 1. 1. 1. 1. 1. 1. 1. 1. 1. 1. 1. 1. 1. 1. 1. 1. 1.]
	 Queue Understanding : deque([5, 6, 7, 8, 9, 10, 11, 12, 13, 14, 15, 16, 17, 18, 19, 0, 1, 2])
51:38: I'm 4 and sending the token to 5.
	 LN : [1. 1. 1. 1. 1. 0. 0. 0. 0. 0. 0. 0. 0. 0. 0. 0. 0. 0. 0. 0.]
	 RN : [2. 2. 2. 1. 1. 1. 1. 1. 1. 1. 1. 1. 1. 1. 1. 1. 1. 1. 1. 1.]
	 Queue Understanding : deque([6, 7, 8, 9, 10, 11, 12, 13, 14, 15, 16, 17, 18, 19, 0, 1, 2])
51:39: I'm 4 and want a token for the 2 time.
	 LN : [1. 1. 1. 1. 1. 0. 0. 0. 0. 0. 0. 0. 0. 0. 0. 0. 0. 0. 0. 0.]
	 RN : [2. 2. 2. 2. 2. 1. 1. 1. 1. 1. 1. 1. 1. 1. 1. 1. 1. 1. 1. 1.]
	 Queue Understanding : deque([6, 7, 8, 9, 10, 11, 12, 13, 14, 15, 16, 17, 18, 19, 0, 1, 2])
52:44: I'm 4 and I got a token.
	 LN : [1. 1. 1. 1. 1. 0. 0. 0. 0. 0. 0. 0. 0. 0. 0. 0. 0. 0. 0. 0.]
	 RN : [3. 3. 3. 2. 2. 2. 2. 2. 2. 2. 2. 2. 2. 2. 2. 2. 2. 2. 2. 2.]
	 Queue Understanding : deque([6, 7, 8, 9, 10, 11, 12, 13, 14, 15, 16, 17, 18, 19, 0, 1, 2])
52:44: I am 4 and execute 2 CS.
	 LN : [2. 2. 2. 2. 1. 1. 1. 1. 1. 1. 1. 1. 1. 1. 1. 1. 1. 1. 1. 1.]
	 RN : [3. 3. 3. 2. 2. 2. 2. 2. 2. 2. 2. 2. 2. 2. 2. 2. 2. 2. 2. 2.]
	 Queue Understanding : deque([5, 6, 7, 8, 9, 10, 11, 12, 13, 14, 15, 16, 17, 18, 19, 0, 1])
52:49: I'm 4 and finished 2 CS.
	 LN : [2. 2. 2. 2. 1. 1. 1. 1. 1. 1. 1. 1. 1. 1. 1. 1. 1. 1. 1. 1.]
	 RN : [3. 3. 3. 2. 2. 2. 2. 2. 2. 2. 2. 2. 2. 2. 2. 2. 2. 2. 2. 2.]
	 Queue Understanding : deque([5, 6, 7, 8, 9, 10, 11, 12, 13, 14, 15, 16, 17, 18, 19, 0, 1])
52:49: I'm 4 and it adds 2 to the queue. Queue after adding: deque([5, 6, 7, 8, 9, 10, 11, 12, 13, 14, 15, 16, 17, 18, 19, 0, 1, 2]).
	 LN : [2. 2. 2. 2. 2. 1. 1. 1. 1. 1. 1. 1. 1. 1. 1. 1. 1. 1. 1. 1.]
	 RN : [3. 3. 3. 2. 2. 2. 2. 2. 2. 2. 2. 2. 2. 2. 2. 2. 2. 2. 2. 2.]
	 Queue Understanding : deque([5, 6, 7, 8, 9, 10, 11, 12, 13, 14, 15, 16, 17, 18, 19, 0, 1, 2])
52:49: I'm 4 and sending the token to 5.
	 LN : [2. 2. 2. 2. 2. 1. 1. 1. 1. 1. 1. 1. 1. 1. 1. 1. 1. 1. 1. 1.]
	 RN : [3. 3. 3. 2. 2. 2. 2. 2. 2. 2. 2. 2. 2. 2. 2. 2. 2. 2. 2. 2.]
	 Queue Understanding : deque([6, 7, 8, 9, 10, 11, 12, 13, 14, 15, 16, 17, 18, 19, 0, 1, 2])
52:50: I'm 4 and want a token for the 3 time.
	 LN : [2. 2. 2. 2. 2. 1. 1. 1. 1. 1. 1. 1. 1. 1. 1. 1. 1. 1. 1. 1.]
	 RN : [3. 3. 3. 3. 3. 2. 2. 2. 2. 2. 2. 2. 2. 2. 2. 2. 2. 2. 2. 2.]
	 Queue Understanding : deque([6, 7, 8, 9, 10, 11, 12, 13, 14, 15, 16, 17, 18, 19, 0, 1, 2])
53:54: I'm 4 and I got a token.
	 LN : [2. 2. 2. 2. 2. 1. 1. 1. 1. 1. 1. 1. 1. 1. 1. 1. 1. 1. 1. 1.]
	 RN : [4. 4. 4. 3. 3. 3. 3. 3. 3. 3. 3. 3. 3. 3. 3. 3. 3. 3. 3. 3.]
	 Queue Understanding : deque([6, 7, 8, 9, 10, 11, 12, 13, 14, 15, 16, 17, 18, 19, 0, 1, 2])
53:54: I am 4 and execute 3 CS.
	 LN : [3. 3. 3. 3. 2. 2. 2. 2. 2. 2. 2. 2. 2. 2. 2. 2. 2. 2. 2. 2.]
	 RN : [4. 4. 4. 3. 3. 3. 3. 3. 3. 3. 3. 3. 3. 3. 3. 3. 3. 3. 3. 3.]
	 Queue Understanding : deque([5, 6, 7, 8, 9, 10, 11, 12, 13, 14, 15, 16, 17, 18, 19, 0, 1])
53:57: I'm 4 and finished 3 CS.
	 LN : [3. 3. 3. 3. 2. 2. 2. 2. 2. 2. 2. 2. 2. 2. 2. 2. 2. 2. 2. 2.]
	 RN : [4. 4. 4. 3. 3. 3. 3. 3. 3. 3. 3. 3. 3. 3. 3. 3. 3. 3. 3. 3.]
	 Queue Understanding : deque([5, 6, 7, 8, 9, 10, 11, 12, 13, 14, 15, 16, 17, 18, 19, 0, 1])
53:57: I'm 4 and it adds 2 to the queue. Queue after adding: deque([5, 6, 7, 8, 9, 10, 11, 12, 13, 14, 15, 16, 17, 18, 19, 0, 1, 2]).
	 LN : [3. 3. 3. 3. 3. 2. 2. 2. 2. 2. 2. 2. 2. 2. 2. 2. 2. 2. 2. 2.]
	 RN : [4. 4. 4. 3. 3. 3. 3. 3. 3. 3. 3. 3. 3. 3. 3. 3. 3. 3. 3. 3.]
	 Queue Understanding : deque([5, 6, 7, 8, 9, 10, 11, 12, 13, 14, 15, 16, 17, 18, 19, 0, 1, 2])
53:57: I'm 4 and sending the token to 5.
	 LN : [3. 3. 3. 3. 3. 2. 2. 2. 2. 2. 2. 2. 2. 2. 2. 2. 2. 2. 2. 2.]
	 RN : [4. 4. 4. 3. 3. 3. 3. 3. 3. 3. 3. 3. 3. 3. 3. 3. 3. 3. 3. 3.]
	 Queue Understanding : deque([6, 7, 8, 9, 10, 11, 12, 13, 14, 15, 16, 17, 18, 19, 0, 1, 2])
54:00: I'm 4 and want a token for the 4 time.
	 LN : [3. 3. 3. 3. 3. 2. 2. 2. 2. 2. 2. 2. 2. 2. 2. 2. 2. 2. 2. 2.]
	 RN : [4. 4. 4. 4. 4. 3. 3. 3. 3. 3. 3. 3. 3. 3. 3. 3. 3. 3. 3. 3.]
	 Queue Understanding : deque([6, 7, 8, 9, 10, 11, 12, 13, 14, 15, 16, 17, 18, 19, 0, 1, 2])
55:07: I'm 4 and I got a token.
	 LN : [3. 3. 3. 3. 3. 2. 2. 2. 2. 2. 2. 2. 2. 2. 2. 2. 2. 2. 2. 2.]
	 RN : [5. 5. 5. 4. 4. 4. 4. 4. 4. 4. 4. 4. 4. 4. 4. 4. 4. 4. 4. 4.]
	 Queue Understanding : deque([6, 7, 8, 9, 10, 11, 12, 13, 14, 15, 16, 17, 18, 19, 0, 1, 2])
55:07: I am 4 and execute 4 CS.
	 LN : [4. 4. 4. 4. 3. 3. 3. 3. 3. 3. 3. 3. 3. 3. 3. 3. 3. 3. 3. 3.]
	 RN : [5. 5. 5. 4. 4. 4. 4. 4. 4. 4. 4. 4. 4. 4. 4. 4. 4. 4. 4. 4.]
	 Queue Understanding : deque([5, 6, 7, 8, 9, 10, 11, 12, 13, 14, 15, 16, 17, 18, 19, 0, 1])
55:10: I'm 4 and finished 4 CS.
	 LN : [4. 4. 4. 4. 3. 3. 3. 3. 3. 3. 3. 3. 3. 3. 3. 3. 3. 3. 3. 3.]
	 RN : [5. 5. 5. 4. 4. 4. 4. 4. 4. 4. 4. 4. 4. 4. 4. 4. 4. 4. 4. 4.]
	 Queue Understanding : deque([5, 6, 7, 8, 9, 10, 11, 12, 13, 14, 15, 16, 17, 18, 19, 0, 1])
55:10: I'm 4 and it adds 2 to the queue. Queue after adding: deque([5, 6, 7, 8, 9, 10, 11, 12, 13, 14, 15, 16, 17, 18, 19, 0, 1, 2]).
	 LN : [4. 4. 4. 4. 4. 3. 3. 3. 3. 3. 3. 3. 3. 3. 3. 3. 3. 3. 3. 3.]
	 RN : [5. 5. 5. 4. 4. 4. 4. 4. 4. 4. 4. 4. 4. 4. 4. 4. 4. 4. 4. 4.]
	 Queue Understanding : deque([5, 6, 7, 8, 9, 10, 11, 12, 13, 14, 15, 16, 17, 18, 19, 0, 1, 2])
55:10: I'm 4 and sending the token to 5.
	 LN : [4. 4. 4. 4. 4. 3. 3. 3. 3. 3. 3. 3. 3. 3. 3. 3. 3. 3. 3. 3.]
	 RN : [5. 5. 5. 4. 4. 4. 4. 4. 4. 4. 4. 4. 4. 4. 4. 4. 4. 4. 4. 4.]
	 Queue Understanding : deque([6, 7, 8, 9, 10, 11, 12, 13, 14, 15, 16, 17, 18, 19, 0, 1, 2])
55:13: I'm 4 and want a token for the 5 time.
	 LN : [4. 4. 4. 4. 4. 3. 3. 3. 3. 3. 3. 3. 3. 3. 3. 3. 3. 3. 3. 3.]
	 RN : [5. 5. 5. 5. 5. 4. 4. 4. 4. 4. 4. 4. 4. 4. 4. 4. 4. 4. 4. 4.]
	 Queue Understanding : deque([6, 7, 8, 9, 10, 11, 12, 13, 14, 15, 16, 17, 18, 19, 0, 1, 2])
56:18: I'm 4 and I got a token.
	 LN : [4. 4. 4. 4. 4. 3. 3. 3. 3. 3. 3. 3. 3. 3. 3. 3. 3. 3. 3. 3.]
	 RN : [6. 6. 6. 5. 5. 5. 5. 5. 5. 5. 5. 5. 5. 5. 5. 5. 5. 5. 5. 5.]
	 Queue Understanding : deque([6, 7, 8, 9, 10, 11, 12, 13, 14, 15, 16, 17, 18, 19, 0, 1, 2])
56:18: I am 4 and execute 5 CS.
	 LN : [5. 5. 5. 5. 4. 4. 4. 4. 4. 4. 4. 4. 4. 4. 4. 4. 4. 4. 4. 4.]
	 RN : [6. 6. 6. 5. 5. 5. 5. 5. 5. 5. 5. 5. 5. 5. 5. 5. 5. 5. 5. 5.]
	 Queue Understanding : deque([5, 6, 7, 8, 9, 10, 11, 12, 13, 14, 15, 16, 17, 18, 19, 0, 1])
56:23: I'm 4 and finished 5 CS.
	 LN : [5. 5. 5. 5. 4. 4. 4. 4. 4. 4. 4. 4. 4. 4. 4. 4. 4. 4. 4. 4.]
	 RN : [6. 6. 6. 5. 5. 5. 5. 5. 5. 5. 5. 5. 5. 5. 5. 5. 5. 5. 5. 5.]
	 Queue Understanding : deque([5, 6, 7, 8, 9, 10, 11, 12, 13, 14, 15, 16, 17, 18, 19, 0, 1])
56:23: I'm 4 and it adds 2 to the queue. Queue after adding: deque([5, 6, 7, 8, 9, 10, 11, 12, 13, 14, 15, 16, 17, 18, 19, 0, 1, 2]).
	 LN : [5. 5. 5. 5. 5. 4. 4. 4. 4. 4. 4. 4. 4. 4. 4. 4. 4. 4. 4. 4.]
	 RN : [6. 6. 6. 5. 5. 5. 5. 5. 5. 5. 5. 5. 5. 5. 5. 5. 5. 5. 5. 5.]
	 Queue Understanding : deque([5, 6, 7, 8, 9, 10, 11, 12, 13, 14, 15, 16, 17, 18, 19, 0, 1, 2])
56:23: I'm 4 and sending the token to 5.
	 LN : [5. 5. 5. 5. 5. 4. 4. 4. 4. 4. 4. 4. 4. 4. 4. 4. 4. 4. 4. 4.]
	 RN : [6. 6. 6. 5. 5. 5. 5. 5. 5. 5. 5. 5. 5. 5. 5. 5. 5. 5. 5. 5.]
	 Queue Understanding : deque([6, 7, 8, 9, 10, 11, 12, 13, 14, 15, 16, 17, 18, 19, 0, 1, 2])
56:24: I'm 4 and want a token for the 6 time.
	 LN : [5. 5. 5. 5. 5. 4. 4. 4. 4. 4. 4. 4. 4. 4. 4. 4. 4. 4. 4. 4.]
	 RN : [6. 6. 6. 6. 6. 5. 5. 5. 5. 5. 5. 5. 5. 5. 5. 5. 5. 5. 5. 5.]
	 Queue Understanding : deque([6, 7, 8, 9, 10, 11, 12, 13, 14, 15, 16, 17, 18, 19, 0, 1, 2])
57:28: I'm 4 and I got a token.
	 LN : [5. 5. 5. 5. 5. 4. 4. 4. 4. 4. 4. 4. 4. 4. 4. 4. 4. 4. 4. 4.]
	 RN : [7. 7. 7. 6. 6. 6. 6. 6. 6. 6. 6. 6. 6. 6. 6. 6. 6. 6. 6. 6.]
	 Queue Understanding : deque([6, 7, 8, 9, 10, 11, 12, 13, 14, 15, 16, 17, 18, 19, 0, 1, 2])
57:28: I am 4 and execute 6 CS.
	 LN : [6. 6. 6. 6. 5. 5. 5. 5. 5. 5. 5. 5. 5. 5. 5. 5. 5. 5. 5. 5.]
	 RN : [7. 7. 7. 6. 6. 6. 6. 6. 6. 6. 6. 6. 6. 6. 6. 6. 6. 6. 6. 6.]
	 Queue Understanding : deque([5, 6, 7, 8, 9, 10, 11, 12, 13, 14, 15, 16, 17, 18, 0, 19, 1])
57:32: I'm 4 and finished 6 CS.
	 LN : [6. 6. 6. 6. 5. 5. 5. 5. 5. 5. 5. 5. 5. 5. 5. 5. 5. 5. 5. 5.]
	 RN : [7. 7. 7. 6. 6. 6. 6. 6. 6. 6. 6. 6. 6. 6. 6. 6. 6. 6. 6. 6.]
	 Queue Understanding : deque([5, 6, 7, 8, 9, 10, 11, 12, 13, 14, 15, 16, 17, 18, 0, 19, 1])
57:32: I'm 4 and it adds 2 to the queue. Queue after adding: deque([5, 6, 7, 8, 9, 10, 11, 12, 13, 14, 15, 16, 17, 18, 0, 19, 1, 2]).
	 LN : [6. 6. 6. 6. 6. 5. 5. 5. 5. 5. 5. 5. 5. 5. 5. 5. 5. 5. 5. 5.]
	 RN : [7. 7. 7. 6. 6. 6. 6. 6. 6. 6. 6. 6. 6. 6. 6. 6. 6. 6. 6. 6.]
	 Queue Understanding : deque([5, 6, 7, 8, 9, 10, 11, 12, 13, 14, 15, 16, 17, 18, 0, 19, 1, 2])
57:32: I'm 4 and sending the token to 5.
	 LN : [6. 6. 6. 6. 6. 5. 5. 5. 5. 5. 5. 5. 5. 5. 5. 5. 5. 5. 5. 5.]
	 RN : [7. 7. 7. 6. 6. 6. 6. 6. 6. 6. 6. 6. 6. 6. 6. 6. 6. 6. 6. 6.]
	 Queue Understanding : deque([6, 7, 8, 9, 10, 11, 12, 13, 14, 15, 16, 17, 18, 0, 19, 1, 2])
57:34: I'm 4 and want a token for the 7 time.
	 LN : [6. 6. 6. 6. 6. 5. 5. 5. 5. 5. 5. 5. 5. 5. 5. 5. 5. 5. 5. 5.]
	 RN : [7. 7. 7. 7. 7. 6. 6. 6. 6. 6. 6. 6. 6. 6. 6. 6. 6. 6. 6. 6.]
	 Queue Understanding : deque([6, 7, 8, 9, 10, 11, 12, 13, 14, 15, 16, 17, 18, 0, 19, 1, 2])
58:41: I'm 4 and I got a token.
	 LN : [6. 6. 6. 6. 6. 5. 5. 5. 5. 5. 5. 5. 5. 5. 5. 5. 5. 5. 5. 5.]
	 RN : [8. 8. 8. 7. 7. 7. 7. 7. 7. 7. 7. 7. 7. 7. 7. 7. 7. 7. 7. 7.]
	 Queue Understanding : deque([6, 7, 8, 9, 10, 11, 12, 13, 14, 15, 16, 17, 18, 0, 19, 1, 2])
58:41: I am 4 and execute 7 CS.
	 LN : [7. 7. 7. 7. 6. 6. 6. 6. 6. 6. 6. 6. 6. 6. 6. 6. 6. 6. 6. 6.]
	 RN : [8. 8. 8. 7. 7. 7. 7. 7. 7. 7. 7. 7. 7. 7. 7. 7. 7. 7. 7. 7.]
	 Queue Understanding : deque([5, 6, 7, 8, 9, 10, 11, 12, 13, 14, 15, 16, 17, 18, 0, 19, 1])
58:45: I'm 4 and finished 7 CS.
	 LN : [7. 7. 7. 7. 6. 6. 6. 6. 6. 6. 6. 6. 6. 6. 6. 6. 6. 6. 6. 6.]
	 RN : [8. 8. 8. 7. 7. 7. 7. 7. 7. 7. 7. 7. 7. 7. 7. 7. 7. 7. 7. 7.]
	 Queue Understanding : deque([5, 6, 7, 8, 9, 10, 11, 12, 13, 14, 15, 16, 17, 18, 0, 19, 1])
58:45: I'm 4 and it adds 2 to the queue. Queue after adding: deque([5, 6, 7, 8, 9, 10, 11, 12, 13, 14, 15, 16, 17, 18, 0, 19, 1, 2]).
	 LN : [7. 7. 7. 7. 7. 6. 6. 6. 6. 6. 6. 6. 6. 6. 6. 6. 6. 6. 6. 6.]
	 RN : [8. 8. 8. 7. 7. 7. 7. 7. 7. 7. 7. 7. 7. 7. 7. 7. 7. 7. 7. 7.]
	 Queue Understanding : deque([5, 6, 7, 8, 9, 10, 11, 12, 13, 14, 15, 16, 17, 18, 0, 19, 1, 2])
58:45: I'm 4 and sending the token to 5.
	 LN : [7. 7. 7. 7. 7. 6. 6. 6. 6. 6. 6. 6. 6. 6. 6. 6. 6. 6. 6. 6.]
	 RN : [8. 8. 8. 7. 7. 7. 7. 7. 7. 7. 7. 7. 7. 7. 7. 7. 7. 7. 7. 7.]
	 Queue Understanding : deque([6, 7, 8, 9, 10, 11, 12, 13, 14, 15, 16, 17, 18, 0, 19, 1, 2])
58:48: I'm 4 and want a token for the 8 time.
	 LN : [7. 7. 7. 7. 7. 6. 6. 6. 6. 6. 6. 6. 6. 6. 6. 6. 6. 6. 6. 6.]
	 RN : [8. 8. 8. 8. 8. 7. 7. 7. 7. 7. 7. 7. 7. 7. 7. 7. 7. 7. 7. 7.]
	 Queue Understanding : deque([6, 7, 8, 9, 10, 11, 12, 13, 14, 15, 16, 17, 18, 0, 19, 1, 2])
59:52: I'm 4 and I got a token.
	 LN : [7. 7. 7. 7. 7. 6. 6. 6. 6. 6. 6. 6. 6. 6. 6. 6. 6. 6. 6. 6.]
	 RN : [9. 9. 8. 8. 8. 8. 8. 8. 8. 8. 8. 8. 8. 8. 8. 8. 8. 8. 8. 8.]
	 Queue Understanding : deque([6, 7, 8, 9, 10, 11, 12, 13, 14, 15, 16, 17, 18, 0, 19, 1, 2])
59:52: I am 4 and execute 8 CS.
	 LN : [8. 8. 8. 8. 7. 7. 7. 7. 7. 7. 7. 7. 7. 7. 7. 7. 7. 7. 7. 7.]
	 RN : [9. 9. 8. 8. 8. 8. 8. 8. 8. 8. 8. 8. 8. 8. 8. 8. 8. 8. 8. 8.]
	 Queue Understanding : deque([5, 6, 7, 8, 9, 10, 11, 12, 13, 14, 15, 16, 17, 18, 0, 19])
59:56: I'm 4 and finished 8 CS.
	 LN : [8. 8. 8. 8. 7. 7. 7. 7. 7. 7. 7. 7. 7. 7. 7. 7. 7. 7. 7. 7.]
	 RN : [9. 9. 8. 8. 8. 8. 8. 8. 8. 8. 8. 8. 8. 8. 8. 8. 8. 8. 8. 8.]
	 Queue Understanding : deque([5, 6, 7, 8, 9, 10, 11, 12, 13, 14, 15, 16, 17, 18, 0, 19])
59:56: I'm 4 and it adds 1 to the queue. Queue after adding: deque([5, 6, 7, 8, 9, 10, 11, 12, 13, 14, 15, 16, 17, 18, 0, 19, 1]).
	 LN : [8. 8. 8. 8. 8. 7. 7. 7. 7. 7. 7. 7. 7. 7. 7. 7. 7. 7. 7. 7.]
	 RN : [9. 9. 8. 8. 8. 8. 8. 8. 8. 8. 8. 8. 8. 8. 8. 8. 8. 8. 8. 8.]
	 Queue Understanding : deque([5, 6, 7, 8, 9, 10, 11, 12, 13, 14, 15, 16, 17, 18, 0, 19, 1])
59:56: I'm 4 and sending the token to 5.
	 LN : [8. 8. 8. 8. 8. 7. 7. 7. 7. 7. 7. 7. 7. 7. 7. 7. 7. 7. 7. 7.]
	 RN : [9. 9. 8. 8. 8. 8. 8. 8. 8. 8. 8. 8. 8. 8. 8. 8. 8. 8. 8. 8.]
	 Queue Understanding : deque([6, 7, 8, 9, 10, 11, 12, 13, 14, 15, 16, 17, 18, 0, 19, 1])
59:59: I'm 4 and want a token for the 9 time.
	 LN : [8. 8. 8. 8. 8. 7. 7. 7. 7. 7. 7. 7. 7. 7. 7. 7. 7. 7. 7. 7.]
	 RN : [9. 9. 9. 9. 9. 8. 8. 8. 8. 8. 8. 8. 8. 8. 8. 8. 8. 8. 8. 8.]
	 Queue Understanding : deque([6, 7, 8, 9, 10, 11, 12, 13, 14, 15, 16, 17, 18, 0, 19, 1])
01:01: I'm 4 and I got a token.
	 LN : [8. 8. 8. 8. 8. 7. 7. 7. 7. 7. 7. 7. 7. 7. 7. 7. 7. 7. 7. 7.]
	 RN : [10. 10. 10.  9.  9.  9.  9.  9.  9.  9.  9.  9.  9.  9.  9.  9.  9.  9.
  9.  9.]
	 Queue Understanding : deque([6, 7, 8, 9, 10, 11, 12, 13, 14, 15, 16, 17, 18, 0, 19, 1])
01:01: I am 4 and execute 9 CS.
	 LN : [9. 9. 9. 9. 8. 8. 8. 8. 8. 8. 8. 8. 8. 8. 8. 8. 8. 8. 8. 8.]
	 RN : [10. 10. 10.  9.  9.  9.  9.  9.  9.  9.  9.  9.  9.  9.  9.  9.  9.  9.
  9.  9.]
	 Queue Understanding : deque([5, 6, 7, 8, 9, 10, 11, 12, 13, 14, 15, 16, 17, 18, 0, 19, 1])
01:03: I'm 4 and finished 9 CS.
	 LN : [9. 9. 9. 9. 8. 8. 8. 8. 8. 8. 8. 8. 8. 8. 8. 8. 8. 8. 8. 8.]
	 RN : [10. 10. 10.  9.  9.  9.  9.  9.  9.  9.  9.  9.  9.  9.  9.  9.  9.  9.
  9.  9.]
	 Queue Understanding : deque([5, 6, 7, 8, 9, 10, 11, 12, 13, 14, 15, 16, 17, 18, 0, 19, 1])
01:03: I'm 4 and it adds 2 to the queue. Queue after adding: deque([5, 6, 7, 8, 9, 10, 11, 12, 13, 14, 15, 16, 17, 18, 0, 19, 1, 2]).
	 LN : [9. 9. 9. 9. 9. 8. 8. 8. 8. 8. 8. 8. 8. 8. 8. 8. 8. 8. 8. 8.]
	 RN : [10. 10. 10.  9.  9.  9.  9.  9.  9.  9.  9.  9.  9.  9.  9.  9.  9.  9.
  9.  9.]
	 Queue Understanding : deque([5, 6, 7, 8, 9, 10, 11, 12, 13, 14, 15, 16, 17, 18, 0, 19, 1, 2])
01:03: I'm 4 and sending the token to 5.
	 LN : [9. 9. 9. 9. 9. 8. 8. 8. 8. 8. 8. 8. 8. 8. 8. 8. 8. 8. 8. 8.]
	 RN : [10. 10. 10.  9.  9.  9.  9.  9.  9.  9.  9.  9.  9.  9.  9.  9.  9.  9.
  9.  9.]
	 Queue Understanding : deque([6, 7, 8, 9, 10, 11, 12, 13, 14, 15, 16, 17, 18, 0, 19, 1, 2])
01:05: I'm 4 and want a token for the 10 time.
	 LN : [9. 9. 9. 9. 9. 8. 8. 8. 8. 8. 8. 8. 8. 8. 8. 8. 8. 8. 8. 8.]
	 RN : [10. 10. 10. 10. 10.  9.  9.  9.  9.  9.  9.  9.  9.  9.  9.  9.  9.  9.
  9.  9.]
	 Queue Understanding : deque([6, 7, 8, 9, 10, 11, 12, 13, 14, 15, 16, 17, 18, 0, 19, 1, 2])
02:19: I'm 4 and I got a token.
	 LN : [9. 9. 9. 9. 9. 8. 8. 8. 8. 8. 8. 8. 8. 8. 8. 8. 8. 8. 8. 8.]
	 RN : [11. 11. 11. 10. 10. 10. 10. 10. 10. 10. 10. 10. 10. 10. 10. 10. 10. 10.
 10. 10.]
	 Queue Understanding : deque([6, 7, 8, 9, 10, 11, 12, 13, 14, 15, 16, 17, 18, 0, 19, 1, 2])
02:19: I am 4 and execute 10 CS.
	 LN : [10. 10. 10. 10.  9.  9.  9.  9.  9.  9.  9.  9.  9.  9.  9.  9.  9.  9.
  9.  9.]
	 RN : [11. 11. 11. 10. 10. 10. 10. 10. 10. 10. 10. 10. 10. 10. 10. 10. 10. 10.
 10. 10.]
	 Queue Understanding : deque([5, 6, 7, 8, 9, 10, 11, 12, 13, 14, 15, 16, 17, 18, 0, 19, 1])
02:24: I'm 4 and finished 10 CS.
	 LN : [10. 10. 10. 10.  9.  9.  9.  9.  9.  9.  9.  9.  9.  9.  9.  9.  9.  9.
  9.  9.]
	 RN : [11. 11. 11. 10. 10. 10. 10. 10. 10. 10. 10. 10. 10. 10. 10. 10. 10. 10.
 10. 10.]
	 Queue Understanding : deque([5, 6, 7, 8, 9, 10, 11, 12, 13, 14, 15, 16, 17, 18, 0, 19, 1])
02:24: I'm 4 and it adds 2 to the queue. Queue after adding: deque([5, 6, 7, 8, 9, 10, 11, 12, 13, 14, 15, 16, 17, 18, 0, 19, 1, 2]).
	 LN : [10. 10. 10. 10. 10.  9.  9.  9.  9.  9.  9.  9.  9.  9.  9.  9.  9.  9.
  9.  9.]
	 RN : [11. 11. 11. 10. 10. 10. 10. 10. 10. 10. 10. 10. 10. 10. 10. 10. 10. 10.
 10. 10.]
	 Queue Understanding : deque([5, 6, 7, 8, 9, 10, 11, 12, 13, 14, 15, 16, 17, 18, 0, 19, 1, 2])
02:24: I'm 4 and sending the token to 5.
	 LN : [10. 10. 10. 10. 10.  9.  9.  9.  9.  9.  9.  9.  9.  9.  9.  9.  9.  9.
  9.  9.]
	 RN : [11. 11. 11. 10. 10. 10. 10. 10. 10. 10. 10. 10. 10. 10. 10. 10. 10. 10.
 10. 10.]
	 Queue Understanding : deque([6, 7, 8, 9, 10, 11, 12, 13, 14, 15, 16, 17, 18, 0, 19, 1, 2])
02:26: I'm 4 and want a token for the 11 time.
	 LN : [10. 10. 10. 10. 10.  9.  9.  9.  9.  9.  9.  9.  9.  9.  9.  9.  9.  9.
  9.  9.]
	 RN : [11. 11. 11. 11. 11. 10. 10. 10. 10. 10. 10. 10. 10. 10. 10. 10. 10. 10.
 10. 10.]
	 Queue Understanding : deque([6, 7, 8, 9, 10, 11, 12, 13, 14, 15, 16, 17, 18, 0, 19, 1, 2])
03:30: I'm 4 and I got a token.
	 LN : [10. 10. 10. 10. 10.  9.  9.  9.  9.  9.  9.  9.  9.  9.  9.  9.  9.  9.
  9.  9.]
	 RN : [12. 12. 12. 11. 11. 11. 11. 11. 11. 11. 11. 11. 11. 11. 11. 11. 11. 11.
 11. 11.]
	 Queue Understanding : deque([6, 7, 8, 9, 10, 11, 12, 13, 14, 15, 16, 17, 18, 0, 19, 1, 2])
03:30: I am 4 and execute 11 CS.
	 LN : [11. 11. 11. 11. 10. 10. 10. 10. 10. 10. 10. 10. 10. 10. 10. 10. 10. 10.
 10. 10.]
	 RN : [12. 12. 12. 11. 11. 11. 11. 11. 11. 11. 11. 11. 11. 11. 11. 11. 11. 11.
 11. 11.]
	 Queue Understanding : deque([5, 6, 7, 8, 9, 10, 11, 12, 13, 14, 15, 16, 17, 0, 18, 19, 1])
03:34: I'm 4 and finished 11 CS.
	 LN : [11. 11. 11. 11. 10. 10. 10. 10. 10. 10. 10. 10. 10. 10. 10. 10. 10. 10.
 10. 10.]
	 RN : [12. 12. 12. 11. 11. 11. 11. 11. 11. 11. 11. 11. 11. 11. 11. 11. 11. 11.
 11. 11.]
	 Queue Understanding : deque([5, 6, 7, 8, 9, 10, 11, 12, 13, 14, 15, 16, 17, 0, 18, 19, 1])
03:34: I'm 4 and it adds 2 to the queue. Queue after adding: deque([5, 6, 7, 8, 9, 10, 11, 12, 13, 14, 15, 16, 17, 0, 18, 19, 1, 2]).
	 LN : [11. 11. 11. 11. 11. 10. 10. 10. 10. 10. 10. 10. 10. 10. 10. 10. 10. 10.
 10. 10.]
	 RN : [12. 12. 12. 11. 11. 11. 11. 11. 11. 11. 11. 11. 11. 11. 11. 11. 11. 11.
 11. 11.]
	 Queue Understanding : deque([5, 6, 7, 8, 9, 10, 11, 12, 13, 14, 15, 16, 17, 0, 18, 19, 1, 2])
03:34: I'm 4 and sending the token to 5.
	 LN : [11. 11. 11. 11. 11. 10. 10. 10. 10. 10. 10. 10. 10. 10. 10. 10. 10. 10.
 10. 10.]
	 RN : [12. 12. 12. 11. 11. 11. 11. 11. 11. 11. 11. 11. 11. 11. 11. 11. 11. 11.
 11. 11.]
	 Queue Understanding : deque([6, 7, 8, 9, 10, 11, 12, 13, 14, 15, 16, 17, 0, 18, 19, 1, 2])
03:36: I'm 4 and want a token for the 12 time.
	 LN : [11. 11. 11. 11. 11. 10. 10. 10. 10. 10. 10. 10. 10. 10. 10. 10. 10. 10.
 10. 10.]
	 RN : [12. 12. 12. 12. 12. 11. 11. 11. 11. 11. 11. 11. 11. 11. 11. 11. 11. 11.
 11. 11.]
	 Queue Understanding : deque([6, 7, 8, 9, 10, 11, 12, 13, 14, 15, 16, 17, 0, 18, 19, 1, 2])
04:45: I'm 4 and I got a token.
	 LN : [11. 11. 11. 11. 11. 10. 10. 10. 10. 10. 10. 10. 10. 10. 10. 10. 10. 10.
 10. 10.]
	 RN : [13. 13. 13. 12. 12. 12. 12. 12. 12. 12. 12. 12. 12. 12. 12. 12. 12. 12.
 12. 12.]
	 Queue Understanding : deque([6, 7, 8, 9, 10, 11, 12, 13, 14, 15, 16, 17, 0, 18, 19, 1, 2])
04:45: I am 4 and execute 12 CS.
	 LN : [12. 12. 12. 12. 11. 11. 11. 11. 11. 11. 11. 11. 11. 11. 11. 11. 11. 11.
 11. 11.]
	 RN : [13. 13. 13. 12. 12. 12. 12. 12. 12. 12. 12. 12. 12. 12. 12. 12. 12. 12.
 12. 12.]
	 Queue Understanding : deque([5, 6, 7, 8, 9, 10, 11, 12, 13, 14, 15, 16, 17, 0, 18, 19, 1])
04:50: I'm 4 and finished 12 CS.
	 LN : [12. 12. 12. 12. 11. 11. 11. 11. 11. 11. 11. 11. 11. 11. 11. 11. 11. 11.
 11. 11.]
	 RN : [13. 13. 13. 12. 12. 12. 12. 12. 12. 12. 12. 12. 12. 12. 12. 12. 12. 12.
 12. 12.]
	 Queue Understanding : deque([5, 6, 7, 8, 9, 10, 11, 12, 13, 14, 15, 16, 17, 0, 18, 19, 1])
04:50: I'm 4 and it adds 2 to the queue. Queue after adding: deque([5, 6, 7, 8, 9, 10, 11, 12, 13, 14, 15, 16, 17, 0, 18, 19, 1, 2]).
	 LN : [12. 12. 12. 12. 12. 11. 11. 11. 11. 11. 11. 11. 11. 11. 11. 11. 11. 11.
 11. 11.]
	 RN : [13. 13. 13. 12. 12. 12. 12. 12. 12. 12. 12. 12. 12. 12. 12. 12. 12. 12.
 12. 12.]
	 Queue Understanding : deque([5, 6, 7, 8, 9, 10, 11, 12, 13, 14, 15, 16, 17, 0, 18, 19, 1, 2])
04:50: I'm 4 and sending the token to 5.
	 LN : [12. 12. 12. 12. 12. 11. 11. 11. 11. 11. 11. 11. 11. 11. 11. 11. 11. 11.
 11. 11.]
	 RN : [13. 13. 13. 12. 12. 12. 12. 12. 12. 12. 12. 12. 12. 12. 12. 12. 12. 12.
 12. 12.]
	 Queue Understanding : deque([6, 7, 8, 9, 10, 11, 12, 13, 14, 15, 16, 17, 0, 18, 19, 1, 2])
04:51: I'm 4 and want a token for the 13 time.
	 LN : [12. 12. 12. 12. 12. 11. 11. 11. 11. 11. 11. 11. 11. 11. 11. 11. 11. 11.
 11. 11.]
	 RN : [13. 13. 13. 13. 13. 12. 12. 12. 12. 12. 12. 12. 12. 12. 12. 12. 12. 12.
 12. 12.]
	 Queue Understanding : deque([6, 7, 8, 9, 10, 11, 12, 13, 14, 15, 16, 17, 0, 18, 19, 1, 2])
05:53: I'm 4 and I got a token.
	 LN : [12. 12. 12. 12. 12. 11. 11. 11. 11. 11. 11. 11. 11. 11. 11. 11. 11. 11.
 11. 11.]
	 RN : [14. 14. 14. 13. 13. 13. 13. 13. 13. 13. 13. 13. 13. 13. 13. 13. 13. 13.
 13. 13.]
	 Queue Understanding : deque([6, 7, 8, 9, 10, 11, 12, 13, 14, 15, 16, 17, 0, 18, 19, 1, 2])
05:53: I am 4 and execute 13 CS.
	 LN : [13. 13. 13. 13. 12. 12. 12. 12. 12. 12. 12. 12. 12. 12. 12. 12. 12. 12.
 12. 12.]
	 RN : [14. 14. 14. 13. 13. 13. 13. 13. 13. 13. 13. 13. 13. 13. 13. 13. 13. 13.
 13. 13.]
	 Queue Understanding : deque([5, 6, 7, 8, 9, 10, 11, 12, 13, 14, 15, 16, 17, 0, 18, 19, 1])
05:57: I'm 4 and finished 13 CS.
	 LN : [13. 13. 13. 13. 12. 12. 12. 12. 12. 12. 12. 12. 12. 12. 12. 12. 12. 12.
 12. 12.]
	 RN : [14. 14. 14. 13. 13. 13. 13. 13. 13. 13. 13. 13. 13. 13. 13. 13. 13. 13.
 13. 13.]
	 Queue Understanding : deque([5, 6, 7, 8, 9, 10, 11, 12, 13, 14, 15, 16, 17, 0, 18, 19, 1])
05:57: I'm 4 and it adds 2 to the queue. Queue after adding: deque([5, 6, 7, 8, 9, 10, 11, 12, 13, 14, 15, 16, 17, 0, 18, 19, 1, 2]).
	 LN : [13. 13. 13. 13. 13. 12. 12. 12. 12. 12. 12. 12. 12. 12. 12. 12. 12. 12.
 12. 12.]
	 RN : [14. 14. 14. 13. 13. 13. 13. 13. 13. 13. 13. 13. 13. 13. 13. 13. 13. 13.
 13. 13.]
	 Queue Understanding : deque([5, 6, 7, 8, 9, 10, 11, 12, 13, 14, 15, 16, 17, 0, 18, 19, 1, 2])
05:57: I'm 4 and sending the token to 5.
	 LN : [13. 13. 13. 13. 13. 12. 12. 12. 12. 12. 12. 12. 12. 12. 12. 12. 12. 12.
 12. 12.]
	 RN : [14. 14. 14. 13. 13. 13. 13. 13. 13. 13. 13. 13. 13. 13. 13. 13. 13. 13.
 13. 13.]
	 Queue Understanding : deque([6, 7, 8, 9, 10, 11, 12, 13, 14, 15, 16, 17, 0, 18, 19, 1, 2])
05:59: I'm 4 and want a token for the 14 time.
	 LN : [13. 13. 13. 13. 13. 12. 12. 12. 12. 12. 12. 12. 12. 12. 12. 12. 12. 12.
 12. 12.]
	 RN : [14. 14. 14. 14. 14. 13. 13. 13. 13. 13. 13. 13. 13. 13. 13. 13. 13. 13.
 13. 13.]
	 Queue Understanding : deque([6, 7, 8, 9, 10, 11, 12, 13, 14, 15, 16, 17, 0, 18, 19, 1, 2])
07:06: I'm 4 and I got a token.
	 LN : [13. 13. 13. 13. 13. 12. 12. 12. 12. 12. 12. 12. 12. 12. 12. 12. 12. 12.
 12. 12.]
	 RN : [15. 15. 15. 14. 14. 14. 14. 14. 14. 14. 14. 14. 14. 14. 14. 14. 14. 14.
 14. 14.]
	 Queue Understanding : deque([6, 7, 8, 9, 10, 11, 12, 13, 14, 15, 16, 17, 0, 18, 19, 1, 2])
07:06: I am 4 and execute 14 CS.
	 LN : [14. 14. 14. 14. 13. 13. 13. 13. 13. 13. 13. 13. 13. 13. 13. 13. 13. 13.
 13. 13.]
	 RN : [15. 15. 15. 14. 14. 14. 14. 14. 14. 14. 14. 14. 14. 14. 14. 14. 14. 14.
 14. 14.]
	 Queue Understanding : deque([5, 6, 7, 8, 9, 10, 11, 12, 13, 14, 15, 16, 17, 0, 18, 19, 1])
07:10: I'm 4 and finished 14 CS.
	 LN : [14. 14. 14. 14. 13. 13. 13. 13. 13. 13. 13. 13. 13. 13. 13. 13. 13. 13.
 13. 13.]
	 RN : [15. 15. 15. 14. 14. 14. 14. 14. 14. 14. 14. 14. 14. 14. 14. 14. 14. 14.
 14. 14.]
	 Queue Understanding : deque([5, 6, 7, 8, 9, 10, 11, 12, 13, 14, 15, 16, 17, 0, 18, 19, 1])
07:10: I'm 4 and it adds 2 to the queue. Queue after adding: deque([5, 6, 7, 8, 9, 10, 11, 12, 13, 14, 15, 16, 17, 0, 18, 19, 1, 2]).
	 LN : [14. 14. 14. 14. 14. 13. 13. 13. 13. 13. 13. 13. 13. 13. 13. 13. 13. 13.
 13. 13.]
	 RN : [15. 15. 15. 14. 14. 14. 14. 14. 14. 14. 14. 14. 14. 14. 14. 14. 14. 14.
 14. 14.]
	 Queue Understanding : deque([5, 6, 7, 8, 9, 10, 11, 12, 13, 14, 15, 16, 17, 0, 18, 19, 1, 2])
07:10: I'm 4 and sending the token to 5.
	 LN : [14. 14. 14. 14. 14. 13. 13. 13. 13. 13. 13. 13. 13. 13. 13. 13. 13. 13.
 13. 13.]
	 RN : [15. 15. 15. 14. 14. 14. 14. 14. 14. 14. 14. 14. 14. 14. 14. 14. 14. 14.
 14. 14.]
	 Queue Understanding : deque([6, 7, 8, 9, 10, 11, 12, 13, 14, 15, 16, 17, 0, 18, 19, 1, 2])
07:12: I'm 4 and want a token for the 15 time.
	 LN : [14. 14. 14. 14. 14. 13. 13. 13. 13. 13. 13. 13. 13. 13. 13. 13. 13. 13.
 13. 13.]
	 RN : [15. 15. 15. 15. 15. 14. 14. 14. 14. 14. 14. 14. 14. 14. 14. 14. 14. 14.
 14. 14.]
	 Queue Understanding : deque([6, 7, 8, 9, 10, 11, 12, 13, 14, 15, 16, 17, 0, 18, 19, 1, 2])
08:18: I'm 4 and I got a token.
	 LN : [14. 14. 14. 14. 14. 13. 13. 13. 13. 13. 13. 13. 13. 13. 13. 13. 13. 13.
 13. 13.]
	 RN : [16. 16. 16. 15. 15. 15. 15. 15. 15. 15. 15. 15. 15. 15. 15. 15. 15. 15.
 15. 15.]
	 Queue Understanding : deque([6, 7, 8, 9, 10, 11, 12, 13, 14, 15, 16, 17, 0, 18, 19, 1, 2])
08:18: I am 4 and execute 15 CS.
	 LN : [15. 15. 15. 15. 14. 14. 14. 14. 14. 14. 14. 14. 14. 14. 14. 14. 14. 14.
 14. 14.]
	 RN : [16. 16. 16. 15. 15. 15. 15. 15. 15. 15. 15. 15. 15. 15. 15. 15. 15. 15.
 15. 15.]
	 Queue Understanding : deque([5, 6, 7, 8, 9, 10, 11, 12, 13, 14, 15, 16, 0, 17, 18, 19])
08:21: I'm 4 and finished 15 CS.
	 LN : [15. 15. 15. 15. 14. 14. 14. 14. 14. 14. 14. 14. 14. 14. 14. 14. 14. 14.
 14. 14.]
	 RN : [16. 16. 16. 15. 15. 15. 15. 15. 15. 15. 15. 15. 15. 15. 15. 15. 15. 15.
 15. 15.]
	 Queue Understanding : deque([5, 6, 7, 8, 9, 10, 11, 12, 13, 14, 15, 16, 0, 17, 18, 19])
08:21: I'm 4 and it adds 1 to the queue. Queue after adding: deque([5, 6, 7, 8, 9, 10, 11, 12, 13, 14, 15, 16, 0, 17, 18, 19, 1]).
	 LN : [15. 15. 15. 15. 15. 14. 14. 14. 14. 14. 14. 14. 14. 14. 14. 14. 14. 14.
 14. 14.]
	 RN : [16. 16. 16. 15. 15. 15. 15. 15. 15. 15. 15. 15. 15. 15. 15. 15. 15. 15.
 15. 15.]
	 Queue Understanding : deque([5, 6, 7, 8, 9, 10, 11, 12, 13, 14, 15, 16, 0, 17, 18, 19, 1])
08:21: I'm 4 and it adds 2 to the queue. Queue after adding: deque([5, 6, 7, 8, 9, 10, 11, 12, 13, 14, 15, 16, 0, 17, 18, 19, 1, 2]).
	 LN : [15. 15. 15. 15. 15. 14. 14. 14. 14. 14. 14. 14. 14. 14. 14. 14. 14. 14.
 14. 14.]
	 RN : [16. 16. 16. 15. 15. 15. 15. 15. 15. 15. 15. 15. 15. 15. 15. 15. 15. 15.
 15. 15.]
	 Queue Understanding : deque([5, 6, 7, 8, 9, 10, 11, 12, 13, 14, 15, 16, 0, 17, 18, 19, 1, 2])
08:21: I'm 4 and sending the token to 5.
	 LN : [15. 15. 15. 15. 15. 14. 14. 14. 14. 14. 14. 14. 14. 14. 14. 14. 14. 14.
 14. 14.]
	 RN : [16. 16. 16. 15. 15. 15. 15. 15. 15. 15. 15. 15. 15. 15. 15. 15. 15. 15.
 15. 15.]
	 Queue Understanding : deque([6, 7, 8, 9, 10, 11, 12, 13, 14, 15, 16, 0, 17, 18, 19, 1, 2])
08:22: I'm 4 and want a token for the 16 time.
	 LN : [15. 15. 15. 15. 15. 14. 14. 14. 14. 14. 14. 14. 14. 14. 14. 14. 14. 14.
 14. 14.]
	 RN : [16. 16. 16. 16. 16. 15. 15. 15. 15. 15. 15. 15. 15. 15. 15. 15. 15. 15.
 15. 15.]
	 Queue Understanding : deque([6, 7, 8, 9, 10, 11, 12, 13, 14, 15, 16, 0, 17, 18, 19, 1, 2])
09:31: I'm 4 and I got a token.
	 LN : [15. 15. 15. 15. 15. 14. 14. 14. 14. 14. 14. 14. 14. 14. 14. 14. 14. 14.
 14. 14.]
	 RN : [17. 17. 17. 16. 16. 16. 16. 16. 16. 16. 16. 16. 16. 16. 16. 16. 16. 16.
 16. 16.]
	 Queue Understanding : deque([6, 7, 8, 9, 10, 11, 12, 13, 14, 15, 16, 0, 17, 18, 19, 1, 2])
09:31: I am 4 and execute 16 CS.
	 LN : [16. 16. 16. 16. 15. 15. 15. 15. 15. 15. 15. 15. 15. 15. 15. 15. 15. 15.
 15. 15.]
	 RN : [17. 17. 17. 16. 16. 16. 16. 16. 16. 16. 16. 16. 16. 16. 16. 16. 16. 16.
 16. 16.]
	 Queue Understanding : deque([5, 6, 7, 8, 9, 10, 11, 12, 13, 14, 15, 16, 0, 17, 18, 19, 1])
09:33: I'm 4 and finished 16 CS.
	 LN : [16. 16. 16. 16. 15. 15. 15. 15. 15. 15. 15. 15. 15. 15. 15. 15. 15. 15.
 15. 15.]
	 RN : [17. 17. 17. 16. 16. 16. 16. 16. 16. 16. 16. 16. 16. 16. 16. 16. 16. 16.
 16. 16.]
	 Queue Understanding : deque([5, 6, 7, 8, 9, 10, 11, 12, 13, 14, 15, 16, 0, 17, 18, 19, 1])
09:33: I'm 4 and it adds 2 to the queue. Queue after adding: deque([5, 6, 7, 8, 9, 10, 11, 12, 13, 14, 15, 16, 0, 17, 18, 19, 1, 2]).
	 LN : [16. 16. 16. 16. 16. 15. 15. 15. 15. 15. 15. 15. 15. 15. 15. 15. 15. 15.
 15. 15.]
	 RN : [17. 17. 17. 16. 16. 16. 16. 16. 16. 16. 16. 16. 16. 16. 16. 16. 16. 16.
 16. 16.]
	 Queue Understanding : deque([5, 6, 7, 8, 9, 10, 11, 12, 13, 14, 15, 16, 0, 17, 18, 19, 1, 2])
09:33: I'm 4 and sending the token to 5.
	 LN : [16. 16. 16. 16. 16. 15. 15. 15. 15. 15. 15. 15. 15. 15. 15. 15. 15. 15.
 15. 15.]
	 RN : [17. 17. 17. 16. 16. 16. 16. 16. 16. 16. 16. 16. 16. 16. 16. 16. 16. 16.
 16. 16.]
	 Queue Understanding : deque([6, 7, 8, 9, 10, 11, 12, 13, 14, 15, 16, 0, 17, 18, 19, 1, 2])
09:36: I'm 4 and want a token for the 17 time.
	 LN : [16. 16. 16. 16. 16. 15. 15. 15. 15. 15. 15. 15. 15. 15. 15. 15. 15. 15.
 15. 15.]
	 RN : [17. 17. 17. 17. 17. 16. 16. 16. 16. 16. 16. 16. 16. 16. 16. 16. 16. 16.
 16. 16.]
	 Queue Understanding : deque([6, 7, 8, 9, 10, 11, 12, 13, 14, 15, 16, 0, 17, 18, 19, 1, 2])
10:44: I'm 4 and I got a token.
	 LN : [16. 16. 16. 16. 16. 15. 15. 15. 15. 15. 15. 15. 15. 15. 15. 15. 15. 15.
 15. 15.]
	 RN : [18. 18. 18. 17. 17. 17. 17. 17. 17. 17. 17. 17. 17. 17. 17. 17. 17. 17.
 17. 17.]
	 Queue Understanding : deque([6, 7, 8, 9, 10, 11, 12, 13, 14, 15, 16, 0, 17, 18, 19, 1, 2])
10:44: I am 4 and execute 17 CS.
	 LN : [17. 17. 17. 17. 16. 16. 16. 16. 16. 16. 16. 16. 16. 16. 16. 16. 16. 16.
 16. 16.]
	 RN : [18. 18. 18. 17. 17. 17. 17. 17. 17. 17. 17. 17. 17. 17. 17. 17. 17. 17.
 17. 17.]
	 Queue Understanding : deque([5, 6, 7, 8, 9, 10, 11, 12, 13, 14, 15, 16, 0, 17, 18, 19, 1])
10:47: I'm 4 and finished 17 CS.
	 LN : [17. 17. 17. 17. 16. 16. 16. 16. 16. 16. 16. 16. 16. 16. 16. 16. 16. 16.
 16. 16.]
	 RN : [18. 18. 18. 17. 17. 17. 17. 17. 17. 17. 17. 17. 17. 17. 17. 17. 17. 17.
 17. 17.]
	 Queue Understanding : deque([5, 6, 7, 8, 9, 10, 11, 12, 13, 14, 15, 16, 0, 17, 18, 19, 1])
10:47: I'm 4 and it adds 2 to the queue. Queue after adding: deque([5, 6, 7, 8, 9, 10, 11, 12, 13, 14, 15, 16, 0, 17, 18, 19, 1, 2]).
	 LN : [17. 17. 17. 17. 17. 16. 16. 16. 16. 16. 16. 16. 16. 16. 16. 16. 16. 16.
 16. 16.]
	 RN : [18. 18. 18. 17. 17. 17. 17. 17. 17. 17. 17. 17. 17. 17. 17. 17. 17. 17.
 17. 17.]
	 Queue Understanding : deque([5, 6, 7, 8, 9, 10, 11, 12, 13, 14, 15, 16, 0, 17, 18, 19, 1, 2])
10:47: I'm 4 and sending the token to 5.
	 LN : [17. 17. 17. 17. 17. 16. 16. 16. 16. 16. 16. 16. 16. 16. 16. 16. 16. 16.
 16. 16.]
	 RN : [18. 18. 18. 17. 17. 17. 17. 17. 17. 17. 17. 17. 17. 17. 17. 17. 17. 17.
 17. 17.]
	 Queue Understanding : deque([6, 7, 8, 9, 10, 11, 12, 13, 14, 15, 16, 0, 17, 18, 19, 1, 2])
10:49: I'm 4 and want a token for the 18 time.
	 LN : [17. 17. 17. 17. 17. 16. 16. 16. 16. 16. 16. 16. 16. 16. 16. 16. 16. 16.
 16. 16.]
	 RN : [18. 18. 18. 18. 18. 17. 17. 17. 17. 17. 17. 17. 17. 17. 17. 17. 17. 17.
 17. 17.]
	 Queue Understanding : deque([6, 7, 8, 9, 10, 11, 12, 13, 14, 15, 16, 0, 17, 18, 19, 1, 2])
11:59: I'm 4 and I got a token.
	 LN : [17. 17. 17. 17. 17. 16. 16. 16. 16. 16. 16. 16. 16. 16. 16. 16. 16. 16.
 16. 16.]
	 RN : [19. 19. 19. 18. 18. 18. 18. 18. 18. 18. 18. 18. 18. 18. 18. 18. 18. 18.
 18. 18.]
	 Queue Understanding : deque([6, 7, 8, 9, 10, 11, 12, 13, 14, 15, 16, 0, 17, 18, 19, 1, 2])
11:59: I am 4 and execute 18 CS.
	 LN : [18. 18. 18. 18. 17. 17. 17. 17. 17. 17. 17. 17. 17. 17. 17. 17. 17. 17.
 17. 17.]
	 RN : [19. 19. 19. 18. 18. 18. 18. 18. 18. 18. 18. 18. 18. 18. 18. 18. 18. 18.
 18. 18.]
	 Queue Understanding : deque([5, 6, 7, 8, 9, 10, 11, 12, 13, 14, 15, 16, 0, 17, 18, 19, 1])
12:02: I'm 4 and finished 18 CS.
	 LN : [18. 18. 18. 18. 17. 17. 17. 17. 17. 17. 17. 17. 17. 17. 17. 17. 17. 17.
 17. 17.]
	 RN : [19. 19. 19. 18. 18. 18. 18. 18. 18. 18. 18. 18. 18. 18. 18. 18. 18. 18.
 18. 18.]
	 Queue Understanding : deque([5, 6, 7, 8, 9, 10, 11, 12, 13, 14, 15, 16, 0, 17, 18, 19, 1])
12:02: I'm 4 and it adds 2 to the queue. Queue after adding: deque([5, 6, 7, 8, 9, 10, 11, 12, 13, 14, 15, 16, 0, 17, 18, 19, 1, 2]).
	 LN : [18. 18. 18. 18. 18. 17. 17. 17. 17. 17. 17. 17. 17. 17. 17. 17. 17. 17.
 17. 17.]
	 RN : [19. 19. 19. 18. 18. 18. 18. 18. 18. 18. 18. 18. 18. 18. 18. 18. 18. 18.
 18. 18.]
	 Queue Understanding : deque([5, 6, 7, 8, 9, 10, 11, 12, 13, 14, 15, 16, 0, 17, 18, 19, 1, 2])
12:02: I'm 4 and sending the token to 5.
	 LN : [18. 18. 18. 18. 18. 17. 17. 17. 17. 17. 17. 17. 17. 17. 17. 17. 17. 17.
 17. 17.]
	 RN : [19. 19. 19. 18. 18. 18. 18. 18. 18. 18. 18. 18. 18. 18. 18. 18. 18. 18.
 18. 18.]
	 Queue Understanding : deque([6, 7, 8, 9, 10, 11, 12, 13, 14, 15, 16, 0, 17, 18, 19, 1, 2])
12:04: I'm 4 and want a token for the 19 time.
	 LN : [18. 18. 18. 18. 18. 17. 17. 17. 17. 17. 17. 17. 17. 17. 17. 17. 17. 17.
 17. 17.]
	 RN : [19. 19. 19. 19. 19. 18. 18. 18. 18. 18. 18. 18. 18. 18. 18. 18. 18. 18.
 18. 18.]
	 Queue Understanding : deque([6, 7, 8, 9, 10, 11, 12, 13, 14, 15, 16, 0, 17, 18, 19, 1, 2])
13:06: I'm 4 and I got a token.
	 LN : [18. 18. 18. 18. 18. 17. 17. 17. 17. 17. 17. 17. 17. 17. 17. 17. 17. 17.
 17. 17.]
	 RN : [20. 20. 20. 19. 19. 19. 19. 19. 19. 19. 19. 19. 19. 19. 19. 19. 19. 19.
 19. 19.]
	 Queue Understanding : deque([6, 7, 8, 9, 10, 11, 12, 13, 14, 15, 16, 0, 17, 18, 19, 1, 2])
13:06: I am 4 and execute 19 CS.
	 LN : [19. 19. 19. 19. 18. 18. 18. 18. 18. 18. 18. 18. 18. 18. 18. 18. 18. 18.
 18. 18.]
	 RN : [20. 20. 20. 19. 19. 19. 19. 19. 19. 19. 19. 19. 19. 19. 19. 19. 19. 19.
 19. 19.]
	 Queue Understanding : deque([5, 6, 7, 8, 9, 10, 11, 12, 13, 14, 15, 16, 0, 17, 18, 19, 1])
13:09: I'm 4 and finished 19 CS.
	 LN : [19. 19. 19. 19. 18. 18. 18. 18. 18. 18. 18. 18. 18. 18. 18. 18. 18. 18.
 18. 18.]
	 RN : [20. 20. 20. 19. 19. 19. 19. 19. 19. 19. 19. 19. 19. 19. 19. 19. 19. 19.
 19. 19.]
	 Queue Understanding : deque([5, 6, 7, 8, 9, 10, 11, 12, 13, 14, 15, 16, 0, 17, 18, 19, 1])
13:09: I'm 4 and it adds 2 to the queue. Queue after adding: deque([5, 6, 7, 8, 9, 10, 11, 12, 13, 14, 15, 16, 0, 17, 18, 19, 1, 2]).
	 LN : [19. 19. 19. 19. 19. 18. 18. 18. 18. 18. 18. 18. 18. 18. 18. 18. 18. 18.
 18. 18.]
	 RN : [20. 20. 20. 19. 19. 19. 19. 19. 19. 19. 19. 19. 19. 19. 19. 19. 19. 19.
 19. 19.]
	 Queue Understanding : deque([5, 6, 7, 8, 9, 10, 11, 12, 13, 14, 15, 16, 0, 17, 18, 19, 1, 2])
13:09: I'm 4 and sending the token to 5.
	 LN : [19. 19. 19. 19. 19. 18. 18. 18. 18. 18. 18. 18. 18. 18. 18. 18. 18. 18.
 18. 18.]
	 RN : [20. 20. 20. 19. 19. 19. 19. 19. 19. 19. 19. 19. 19. 19. 19. 19. 19. 19.
 19. 19.]
	 Queue Understanding : deque([6, 7, 8, 9, 10, 11, 12, 13, 14, 15, 16, 0, 17, 18, 19, 1, 2])
13:11: I'm 4 and want a token for the 20 time.
	 LN : [19. 19. 19. 19. 19. 18. 18. 18. 18. 18. 18. 18. 18. 18. 18. 18. 18. 18.
 18. 18.]
	 RN : [20. 20. 20. 20. 20. 19. 19. 19. 19. 19. 19. 19. 19. 19. 19. 19. 19. 19.
 19. 19.]
	 Queue Understanding : deque([6, 7, 8, 9, 10, 11, 12, 13, 14, 15, 16, 0, 17, 18, 19, 1, 2])
14:13: I'm 4 and I got a token.
	 LN : [19. 19. 19. 19. 19. 18. 18. 18. 18. 18. 18. 18. 18. 18. 18. 18. 18. 18.
 18. 18.]
	 RN : [21. 21. 21. 20. 20. 20. 20. 20. 20. 20. 20. 20. 20. 20. 20. 20. 20. 20.
 20. 20.]
	 Queue Understanding : deque([6, 7, 8, 9, 10, 11, 12, 13, 14, 15, 16, 0, 17, 18, 19, 1, 2])
14:13: I am 4 and execute 20 CS.
	 LN : [20. 20. 20. 20. 19. 19. 19. 19. 19. 19. 19. 19. 19. 19. 19. 19. 19. 19.
 19. 19.]
	 RN : [21. 21. 21. 20. 20. 20. 20. 20. 20. 20. 20. 20. 20. 20. 20. 20. 20. 20.
 20. 20.]
	 Queue Understanding : deque([5, 6, 7, 8, 9, 10, 11, 12, 13, 14, 15, 16, 0, 17, 18, 19, 1])
14:15: I'm 4 and finished 20 CS.
	 LN : [20. 20. 20. 20. 19. 19. 19. 19. 19. 19. 19. 19. 19. 19. 19. 19. 19. 19.
 19. 19.]
	 RN : [21. 21. 21. 20. 20. 20. 20. 20. 20. 20. 20. 20. 20. 20. 20. 20. 20. 20.
 20. 20.]
	 Queue Understanding : deque([5, 6, 7, 8, 9, 10, 11, 12, 13, 14, 15, 16, 0, 17, 18, 19, 1])
14:15: I'm 4 and it adds 2 to the queue. Queue after adding: deque([5, 6, 7, 8, 9, 10, 11, 12, 13, 14, 15, 16, 0, 17, 18, 19, 1, 2]).
	 LN : [20. 20. 20. 20. 20. 19. 19. 19. 19. 19. 19. 19. 19. 19. 19. 19. 19. 19.
 19. 19.]
	 RN : [21. 21. 21. 20. 20. 20. 20. 20. 20. 20. 20. 20. 20. 20. 20. 20. 20. 20.
 20. 20.]
	 Queue Understanding : deque([5, 6, 7, 8, 9, 10, 11, 12, 13, 14, 15, 16, 0, 17, 18, 19, 1, 2])
14:15: I'm 4 and sending the token to 5.
	 LN : [20. 20. 20. 20. 20. 19. 19. 19. 19. 19. 19. 19. 19. 19. 19. 19. 19. 19.
 19. 19.]
	 RN : [21. 21. 21. 20. 20. 20. 20. 20. 20. 20. 20. 20. 20. 20. 20. 20. 20. 20.
 20. 20.]
	 Queue Understanding : deque([6, 7, 8, 9, 10, 11, 12, 13, 14, 15, 16, 0, 17, 18, 19, 1, 2])
14:18: I'm 4 and want a token for the 21 time.
	 LN : [20. 20. 20. 20. 20. 19. 19. 19. 19. 19. 19. 19. 19. 19. 19. 19. 19. 19.
 19. 19.]
	 RN : [21. 21. 21. 21. 21. 20. 20. 20. 20. 20. 20. 20. 20. 20. 20. 20. 20. 20.
 20. 20.]
	 Queue Understanding : deque([6, 7, 8, 9, 10, 11, 12, 13, 14, 15, 16, 0, 17, 18, 19, 1, 2])
15:18: I'm 4 and I got a token.
	 LN : [20. 20. 20. 20. 20. 19. 19. 19. 19. 19. 19. 19. 19. 19. 19. 19. 19. 19.
 19. 19.]
	 RN : [22. 22. 22. 21. 21. 21. 21. 21. 21. 21. 21. 21. 21. 21. 21. 21. 21. 21.
 21. 21.]
	 Queue Understanding : deque([6, 7, 8, 9, 10, 11, 12, 13, 14, 15, 16, 0, 17, 18, 19, 1, 2])
15:18: I am 4 and execute 21 CS.
	 LN : [21. 21. 21. 21. 20. 20. 20. 20. 20. 20. 20. 20. 20. 20. 20. 20. 20. 20.
 20. 20.]
	 RN : [22. 22. 22. 21. 21. 21. 21. 21. 21. 21. 21. 21. 21. 21. 21. 21. 21. 21.
 21. 21.]
	 Queue Understanding : deque([5, 6, 7, 8, 9, 10, 11, 12, 13, 14, 15, 16, 0, 17, 18, 19, 1])
15:22: I'm 4 and finished 21 CS.
	 LN : [21. 21. 21. 21. 20. 20. 20. 20. 20. 20. 20. 20. 20. 20. 20. 20. 20. 20.
 20. 20.]
	 RN : [22. 22. 22. 21. 21. 21. 21. 21. 21. 21. 21. 21. 21. 21. 21. 21. 21. 21.
 21. 21.]
	 Queue Understanding : deque([5, 6, 7, 8, 9, 10, 11, 12, 13, 14, 15, 16, 0, 17, 18, 19, 1])
15:22: I'm 4 and it adds 2 to the queue. Queue after adding: deque([5, 6, 7, 8, 9, 10, 11, 12, 13, 14, 15, 16, 0, 17, 18, 19, 1, 2]).
	 LN : [21. 21. 21. 21. 21. 20. 20. 20. 20. 20. 20. 20. 20. 20. 20. 20. 20. 20.
 20. 20.]
	 RN : [22. 22. 22. 21. 21. 21. 21. 21. 21. 21. 21. 21. 21. 21. 21. 21. 21. 21.
 21. 21.]
	 Queue Understanding : deque([5, 6, 7, 8, 9, 10, 11, 12, 13, 14, 15, 16, 0, 17, 18, 19, 1, 2])
15:22: I'm 4 and sending the token to 5.
	 LN : [21. 21. 21. 21. 21. 20. 20. 20. 20. 20. 20. 20. 20. 20. 20. 20. 20. 20.
 20. 20.]
	 RN : [22. 22. 22. 21. 21. 21. 21. 21. 21. 21. 21. 21. 21. 21. 21. 21. 21. 21.
 21. 21.]
	 Queue Understanding : deque([6, 7, 8, 9, 10, 11, 12, 13, 14, 15, 16, 0, 17, 18, 19, 1, 2])
15:23: I'm 4 and want a token for the 22 time.
	 LN : [21. 21. 21. 21. 21. 20. 20. 20. 20. 20. 20. 20. 20. 20. 20. 20. 20. 20.
 20. 20.]
	 RN : [22. 22. 22. 22. 22. 21. 21. 21. 21. 21. 21. 21. 21. 21. 21. 21. 21. 21.
 21. 21.]
	 Queue Understanding : deque([6, 7, 8, 9, 10, 11, 12, 13, 14, 15, 16, 0, 17, 18, 19, 1, 2])
16:26: I'm 4 and I got a token.
	 LN : [21. 21. 21. 21. 21. 20. 20. 20. 20. 20. 20. 20. 20. 20. 20. 20. 20. 20.
 20. 20.]
	 RN : [23. 23. 23. 22. 22. 22. 22. 22. 22. 22. 22. 22. 22. 22. 22. 22. 22. 22.
 22. 22.]
	 Queue Understanding : deque([6, 7, 8, 9, 10, 11, 12, 13, 14, 15, 16, 0, 17, 18, 19, 1, 2])
16:26: I am 4 and execute 22 CS.
	 LN : [22. 22. 22. 22. 21. 21. 21. 21. 21. 21. 21. 21. 21. 21. 21. 21. 21. 21.
 21. 21.]
	 RN : [23. 23. 23. 22. 22. 22. 22. 22. 22. 22. 22. 22. 22. 22. 22. 22. 22. 22.
 22. 22.]
	 Queue Understanding : deque([5, 6, 7, 8, 9, 10, 11, 12, 13, 14, 15, 16, 0, 17, 18, 19, 1])
16:28: I'm 4 and finished 22 CS.
	 LN : [22. 22. 22. 22. 21. 21. 21. 21. 21. 21. 21. 21. 21. 21. 21. 21. 21. 21.
 21. 21.]
	 RN : [23. 23. 23. 22. 22. 22. 22. 22. 22. 22. 22. 22. 22. 22. 22. 22. 22. 22.
 22. 22.]
	 Queue Understanding : deque([5, 6, 7, 8, 9, 10, 11, 12, 13, 14, 15, 16, 0, 17, 18, 19, 1])
16:28: I'm 4 and it adds 2 to the queue. Queue after adding: deque([5, 6, 7, 8, 9, 10, 11, 12, 13, 14, 15, 16, 0, 17, 18, 19, 1, 2]).
	 LN : [22. 22. 22. 22. 22. 21. 21. 21. 21. 21. 21. 21. 21. 21. 21. 21. 21. 21.
 21. 21.]
	 RN : [23. 23. 23. 22. 22. 22. 22. 22. 22. 22. 22. 22. 22. 22. 22. 22. 22. 22.
 22. 22.]
	 Queue Understanding : deque([5, 6, 7, 8, 9, 10, 11, 12, 13, 14, 15, 16, 0, 17, 18, 19, 1, 2])
16:28: I'm 4 and sending the token to 5.
	 LN : [22. 22. 22. 22. 22. 21. 21. 21. 21. 21. 21. 21. 21. 21. 21. 21. 21. 21.
 21. 21.]
	 RN : [23. 23. 23. 22. 22. 22. 22. 22. 22. 22. 22. 22. 22. 22. 22. 22. 22. 22.
 22. 22.]
	 Queue Understanding : deque([6, 7, 8, 9, 10, 11, 12, 13, 14, 15, 16, 0, 17, 18, 19, 1, 2])
16:30: I'm 4 and want a token for the 23 time.
	 LN : [22. 22. 22. 22. 22. 21. 21. 21. 21. 21. 21. 21. 21. 21. 21. 21. 21. 21.
 21. 21.]
	 RN : [23. 23. 23. 23. 23. 22. 22. 22. 22. 22. 22. 22. 22. 22. 22. 22. 22. 22.
 22. 22.]
	 Queue Understanding : deque([6, 7, 8, 9, 10, 11, 12, 13, 14, 15, 16, 0, 17, 18, 19, 1, 2])
17:34: I'm 4 and I got a token.
	 LN : [22. 22. 22. 22. 22. 21. 21. 21. 21. 21. 21. 21. 21. 21. 21. 21. 21. 21.
 21. 21.]
	 RN : [24. 24. 24. 23. 23. 23. 23. 23. 23. 23. 23. 23. 23. 23. 23. 23. 23. 23.
 23. 23.]
	 Queue Understanding : deque([6, 7, 8, 9, 10, 11, 12, 13, 14, 15, 16, 0, 17, 18, 19, 1, 2])
17:34: I am 4 and execute 23 CS.
	 LN : [23. 23. 23. 23. 22. 22. 22. 22. 22. 22. 22. 22. 22. 22. 22. 22. 22. 22.
 22. 22.]
	 RN : [24. 24. 24. 23. 23. 23. 23. 23. 23. 23. 23. 23. 23. 23. 23. 23. 23. 23.
 23. 23.]
	 Queue Understanding : deque([5, 6, 7, 8, 9, 10, 11, 12, 13, 14, 15, 16, 0, 17, 18, 19, 1])
17:37: I'm 4 and finished 23 CS.
	 LN : [23. 23. 23. 23. 22. 22. 22. 22. 22. 22. 22. 22. 22. 22. 22. 22. 22. 22.
 22. 22.]
	 RN : [24. 24. 24. 23. 23. 23. 23. 23. 23. 23. 23. 23. 23. 23. 23. 23. 23. 23.
 23. 23.]
	 Queue Understanding : deque([5, 6, 7, 8, 9, 10, 11, 12, 13, 14, 15, 16, 0, 17, 18, 19, 1])
17:37: I'm 4 and it adds 2 to the queue. Queue after adding: deque([5, 6, 7, 8, 9, 10, 11, 12, 13, 14, 15, 16, 0, 17, 18, 19, 1, 2]).
	 LN : [23. 23. 23. 23. 23. 22. 22. 22. 22. 22. 22. 22. 22. 22. 22. 22. 22. 22.
 22. 22.]
	 RN : [24. 24. 24. 23. 23. 23. 23. 23. 23. 23. 23. 23. 23. 23. 23. 23. 23. 23.
 23. 23.]
	 Queue Understanding : deque([5, 6, 7, 8, 9, 10, 11, 12, 13, 14, 15, 16, 0, 17, 18, 19, 1, 2])
17:37: I'm 4 and sending the token to 5.
	 LN : [23. 23. 23. 23. 23. 22. 22. 22. 22. 22. 22. 22. 22. 22. 22. 22. 22. 22.
 22. 22.]
	 RN : [24. 24. 24. 23. 23. 23. 23. 23. 23. 23. 23. 23. 23. 23. 23. 23. 23. 23.
 23. 23.]
	 Queue Understanding : deque([6, 7, 8, 9, 10, 11, 12, 13, 14, 15, 16, 0, 17, 18, 19, 1, 2])
17:38: I'm 4 and want a token for the 24 time.
	 LN : [23. 23. 23. 23. 23. 22. 22. 22. 22. 22. 22. 22. 22. 22. 22. 22. 22. 22.
 22. 22.]
	 RN : [24. 24. 24. 24. 24. 23. 23. 23. 23. 23. 23. 23. 23. 23. 23. 23. 23. 23.
 23. 23.]
	 Queue Understanding : deque([6, 7, 8, 9, 10, 11, 12, 13, 14, 15, 16, 0, 17, 18, 19, 1, 2])
18:43: I'm 4 and I got a token.
	 LN : [23. 23. 23. 23. 23. 22. 22. 22. 22. 22. 22. 22. 22. 22. 22. 22. 22. 22.
 22. 22.]
	 RN : [25. 25. 25. 24. 24. 24. 24. 24. 24. 24. 24. 24. 24. 24. 24. 24. 24. 24.
 24. 24.]
	 Queue Understanding : deque([6, 7, 8, 9, 10, 11, 12, 13, 14, 15, 16, 0, 17, 18, 19, 1, 2])
18:43: I am 4 and execute 24 CS.
	 LN : [24. 24. 24. 24. 23. 23. 23. 23. 23. 23. 23. 23. 23. 23. 23. 23. 23. 23.
 23. 23.]
	 RN : [25. 25. 25. 24. 24. 24. 24. 24. 24. 24. 24. 24. 24. 24. 24. 24. 24. 24.
 24. 24.]
	 Queue Understanding : deque([5, 6, 7, 8, 9, 10, 11, 12, 13, 14, 15, 16, 0, 17, 18, 1, 19])
18:47: I'm 4 and finished 24 CS.
	 LN : [24. 24. 24. 24. 23. 23. 23. 23. 23. 23. 23. 23. 23. 23. 23. 23. 23. 23.
 23. 23.]
	 RN : [25. 25. 25. 24. 24. 24. 24. 24. 24. 24. 24. 24. 24. 24. 24. 24. 24. 24.
 24. 24.]
	 Queue Understanding : deque([5, 6, 7, 8, 9, 10, 11, 12, 13, 14, 15, 16, 0, 17, 18, 1, 19])
18:47: I'm 4 and it adds 2 to the queue. Queue after adding: deque([5, 6, 7, 8, 9, 10, 11, 12, 13, 14, 15, 16, 0, 17, 18, 1, 19, 2]).
	 LN : [24. 24. 24. 24. 24. 23. 23. 23. 23. 23. 23. 23. 23. 23. 23. 23. 23. 23.
 23. 23.]
	 RN : [25. 25. 25. 24. 24. 24. 24. 24. 24. 24. 24. 24. 24. 24. 24. 24. 24. 24.
 24. 24.]
	 Queue Understanding : deque([5, 6, 7, 8, 9, 10, 11, 12, 13, 14, 15, 16, 0, 17, 18, 1, 19, 2])
18:47: I'm 4 and sending the token to 5.
	 LN : [24. 24. 24. 24. 24. 23. 23. 23. 23. 23. 23. 23. 23. 23. 23. 23. 23. 23.
 23. 23.]
	 RN : [25. 25. 25. 24. 24. 24. 24. 24. 24. 24. 24. 24. 24. 24. 24. 24. 24. 24.
 24. 24.]
	 Queue Understanding : deque([6, 7, 8, 9, 10, 11, 12, 13, 14, 15, 16, 0, 17, 18, 1, 19, 2])
18:50: I'm 4 and want a token for the 25 time.
	 LN : [24. 24. 24. 24. 24. 23. 23. 23. 23. 23. 23. 23. 23. 23. 23. 23. 23. 23.
 23. 23.]
	 RN : [25. 25. 25. 25. 25. 24. 24. 24. 24. 24. 24. 24. 24. 24. 24. 24. 24. 24.
 24. 24.]
	 Queue Understanding : deque([6, 7, 8, 9, 10, 11, 12, 13, 14, 15, 16, 0, 17, 18, 1, 19, 2])
19:54: I'm 4 and I got a token.
	 LN : [24. 24. 24. 24. 24. 23. 23. 23. 23. 23. 23. 23. 23. 23. 23. 23. 23. 23.
 23. 23.]
	 RN : [26. 26. 26. 25. 25. 25. 25. 25. 25. 25. 25. 25. 25. 25. 25. 25. 25. 25.
 25. 25.]
	 Queue Understanding : deque([6, 7, 8, 9, 10, 11, 12, 13, 14, 15, 16, 0, 17, 18, 1, 19, 2])
19:54: I am 4 and execute 25 CS.
	 LN : [25. 25. 25. 25. 24. 24. 24. 24. 24. 24. 24. 24. 24. 24. 24. 24. 24. 24.
 24. 24.]
	 RN : [26. 26. 26. 25. 25. 25. 25. 25. 25. 25. 25. 25. 25. 25. 25. 25. 25. 25.
 25. 25.]
	 Queue Understanding : deque([5, 6, 7, 8, 9, 10, 11, 12, 13, 14, 15, 16, 0, 17, 1, 18, 19])
19:59: I'm 4 and finished 25 CS.
	 LN : [25. 25. 25. 25. 24. 24. 24. 24. 24. 24. 24. 24. 24. 24. 24. 24. 24. 24.
 24. 24.]
	 RN : [26. 26. 26. 25. 25. 25. 25. 25. 25. 25. 25. 25. 25. 25. 25. 25. 25. 25.
 25. 25.]
	 Queue Understanding : deque([5, 6, 7, 8, 9, 10, 11, 12, 13, 14, 15, 16, 0, 17, 1, 18, 19])
19:59: I'm 4 and it adds 2 to the queue. Queue after adding: deque([5, 6, 7, 8, 9, 10, 11, 12, 13, 14, 15, 16, 0, 17, 1, 18, 19, 2]).
	 LN : [25. 25. 25. 25. 25. 24. 24. 24. 24. 24. 24. 24. 24. 24. 24. 24. 24. 24.
 24. 24.]
	 RN : [26. 26. 26. 25. 25. 25. 25. 25. 25. 25. 25. 25. 25. 25. 25. 25. 25. 25.
 25. 25.]
	 Queue Understanding : deque([5, 6, 7, 8, 9, 10, 11, 12, 13, 14, 15, 16, 0, 17, 1, 18, 19, 2])
19:59: I'm 4 and sending the token to 5.
	 LN : [25. 25. 25. 25. 25. 24. 24. 24. 24. 24. 24. 24. 24. 24. 24. 24. 24. 24.
 24. 24.]
	 RN : [26. 26. 26. 25. 25. 25. 25. 25. 25. 25. 25. 25. 25. 25. 25. 25. 25. 25.
 25. 25.]
	 Queue Understanding : deque([6, 7, 8, 9, 10, 11, 12, 13, 14, 15, 16, 0, 17, 1, 18, 19, 2])
20:00: I'm 4 and want a token for the 26 time.
	 LN : [25. 25. 25. 25. 25. 24. 24. 24. 24. 24. 24. 24. 24. 24. 24. 24. 24. 24.
 24. 24.]
	 RN : [26. 26. 26. 26. 26. 25. 25. 25. 25. 25. 25. 25. 25. 25. 25. 25. 25. 25.
 25. 25.]
	 Queue Understanding : deque([6, 7, 8, 9, 10, 11, 12, 13, 14, 15, 16, 0, 17, 1, 18, 19, 2])
21:03: I'm 4 and I got a token.
	 LN : [25. 25. 25. 25. 25. 24. 24. 24. 24. 24. 24. 24. 24. 24. 24. 24. 24. 24.
 24. 24.]
	 RN : [27. 27. 27. 26. 26. 26. 26. 26. 26. 26. 26. 26. 26. 26. 26. 26. 26. 26.
 26. 26.]
	 Queue Understanding : deque([6, 7, 8, 9, 10, 11, 12, 13, 14, 15, 16, 0, 17, 1, 18, 19, 2])
21:03: I am 4 and execute 26 CS.
	 LN : [26. 26. 26. 26. 25. 25. 25. 25. 25. 25. 25. 25. 25. 25. 25. 25. 25. 25.
 25. 25.]
	 RN : [27. 27. 27. 26. 26. 26. 26. 26. 26. 26. 26. 26. 26. 26. 26. 26. 26. 26.
 26. 26.]
	 Queue Understanding : deque([5, 6, 7, 8, 9, 10, 11, 12, 13, 14, 15, 0, 16, 1, 17, 18, 19])
21:07: I'm 4 and finished 26 CS.
	 LN : [26. 26. 26. 26. 25. 25. 25. 25. 25. 25. 25. 25. 25. 25. 25. 25. 25. 25.
 25. 25.]
	 RN : [27. 27. 27. 26. 26. 26. 26. 26. 26. 26. 26. 26. 26. 26. 26. 26. 26. 26.
 26. 26.]
	 Queue Understanding : deque([5, 6, 7, 8, 9, 10, 11, 12, 13, 14, 15, 0, 16, 1, 17, 18, 19])
21:07: I'm 4 and it adds 2 to the queue. Queue after adding: deque([5, 6, 7, 8, 9, 10, 11, 12, 13, 14, 15, 0, 16, 1, 17, 18, 19, 2]).
	 LN : [26. 26. 26. 26. 26. 25. 25. 25. 25. 25. 25. 25. 25. 25. 25. 25. 25. 25.
 25. 25.]
	 RN : [27. 27. 27. 26. 26. 26. 26. 26. 26. 26. 26. 26. 26. 26. 26. 26. 26. 26.
 26. 26.]
	 Queue Understanding : deque([5, 6, 7, 8, 9, 10, 11, 12, 13, 14, 15, 0, 16, 1, 17, 18, 19, 2])
21:07: I'm 4 and sending the token to 5.
	 LN : [26. 26. 26. 26. 26. 25. 25. 25. 25. 25. 25. 25. 25. 25. 25. 25. 25. 25.
 25. 25.]
	 RN : [27. 27. 27. 26. 26. 26. 26. 26. 26. 26. 26. 26. 26. 26. 26. 26. 26. 26.
 26. 26.]
	 Queue Understanding : deque([6, 7, 8, 9, 10, 11, 12, 13, 14, 15, 0, 16, 1, 17, 18, 19, 2])
21:09: I'm 4 and want a token for the 27 time.
	 LN : [26. 26. 26. 26. 26. 25. 25. 25. 25. 25. 25. 25. 25. 25. 25. 25. 25. 25.
 25. 25.]
	 RN : [27. 27. 27. 27. 27. 26. 26. 26. 26. 26. 26. 26. 26. 26. 26. 26. 26. 26.
 26. 26.]
	 Queue Understanding : deque([6, 7, 8, 9, 10, 11, 12, 13, 14, 15, 0, 16, 1, 17, 18, 19, 2])
22:12: I'm 4 and I got a token.
	 LN : [26. 26. 26. 26. 26. 25. 25. 25. 25. 25. 25. 25. 25. 25. 25. 25. 25. 25.
 25. 25.]
	 RN : [28. 28. 28. 27. 27. 27. 27. 27. 27. 27. 27. 27. 27. 27. 27. 27. 27. 27.
 27. 27.]
	 Queue Understanding : deque([6, 7, 8, 9, 10, 11, 12, 13, 14, 15, 0, 16, 1, 17, 18, 19, 2])
22:12: I am 4 and execute 27 CS.
	 LN : [27. 27. 27. 27. 26. 26. 26. 26. 26. 26. 26. 26. 26. 26. 26. 26. 26. 26.
 26. 26.]
	 RN : [28. 28. 28. 27. 27. 27. 27. 27. 27. 27. 27. 27. 27. 27. 27. 27. 27. 27.
 27. 27.]
	 Queue Understanding : deque([5, 6, 7, 8, 9, 10, 11, 12, 13, 14, 15, 0, 16, 1, 17, 18, 19])
22:15: I'm 4 and finished 27 CS.
	 LN : [27. 27. 27. 27. 26. 26. 26. 26. 26. 26. 26. 26. 26. 26. 26. 26. 26. 26.
 26. 26.]
	 RN : [28. 28. 28. 27. 27. 27. 27. 27. 27. 27. 27. 27. 27. 27. 27. 27. 27. 27.
 27. 27.]
	 Queue Understanding : deque([5, 6, 7, 8, 9, 10, 11, 12, 13, 14, 15, 0, 16, 1, 17, 18, 19])
22:15: I'm 4 and it adds 2 to the queue. Queue after adding: deque([5, 6, 7, 8, 9, 10, 11, 12, 13, 14, 15, 0, 16, 1, 17, 18, 19, 2]).
	 LN : [27. 27. 27. 27. 27. 26. 26. 26. 26. 26. 26. 26. 26. 26. 26. 26. 26. 26.
 26. 26.]
	 RN : [28. 28. 28. 27. 27. 27. 27. 27. 27. 27. 27. 27. 27. 27. 27. 27. 27. 27.
 27. 27.]
	 Queue Understanding : deque([5, 6, 7, 8, 9, 10, 11, 12, 13, 14, 15, 0, 16, 1, 17, 18, 19, 2])
22:15: I'm 4 and sending the token to 5.
	 LN : [27. 27. 27. 27. 27. 26. 26. 26. 26. 26. 26. 26. 26. 26. 26. 26. 26. 26.
 26. 26.]
	 RN : [28. 28. 28. 27. 27. 27. 27. 27. 27. 27. 27. 27. 27. 27. 27. 27. 27. 27.
 27. 27.]
	 Queue Understanding : deque([6, 7, 8, 9, 10, 11, 12, 13, 14, 15, 0, 16, 1, 17, 18, 19, 2])
22:17: I'm 4 and want a token for the 28 time.
	 LN : [27. 27. 27. 27. 27. 26. 26. 26. 26. 26. 26. 26. 26. 26. 26. 26. 26. 26.
 26. 26.]
	 RN : [28. 28. 28. 28. 28. 27. 27. 27. 27. 27. 27. 27. 27. 27. 27. 27. 27. 27.
 27. 27.]
	 Queue Understanding : deque([6, 7, 8, 9, 10, 11, 12, 13, 14, 15, 0, 16, 1, 17, 18, 19, 2])
23:21: I'm 4 and I got a token.
	 LN : [27. 27. 27. 27. 27. 26. 26. 26. 26. 26. 26. 26. 26. 26. 26. 26. 26. 26.
 26. 26.]
	 RN : [29. 29. 28. 28. 28. 28. 28. 28. 28. 28. 28. 28. 28. 28. 28. 28. 28. 28.
 28. 28.]
	 Queue Understanding : deque([6, 7, 8, 9, 10, 11, 12, 13, 14, 15, 0, 16, 1, 17, 18, 19, 2])
23:21: I am 4 and execute 28 CS.
	 LN : [28. 28. 28. 28. 27. 27. 27. 27. 27. 27. 27. 27. 27. 27. 27. 27. 27. 27.
 27. 27.]
	 RN : [29. 29. 28. 28. 28. 28. 28. 28. 28. 28. 28. 28. 28. 28. 28. 28. 28. 28.
 28. 28.]
	 Queue Understanding : deque([5, 6, 7, 8, 9, 10, 11, 12, 13, 14, 15, 0, 16, 1, 17, 18, 19])
23:26: I'm 4 and finished 28 CS.
	 LN : [28. 28. 28. 28. 27. 27. 27. 27. 27. 27. 27. 27. 27. 27. 27. 27. 27. 27.
 27. 27.]
	 RN : [29. 29. 28. 28. 28. 28. 28. 28. 28. 28. 28. 28. 28. 28. 28. 28. 28. 28.
 28. 28.]
	 Queue Understanding : deque([5, 6, 7, 8, 9, 10, 11, 12, 13, 14, 15, 0, 16, 1, 17, 18, 19])
23:26: I'm 4 and sending the token to 5.
	 LN : [28. 28. 28. 28. 28. 27. 27. 27. 27. 27. 27. 27. 27. 27. 27. 27. 27. 27.
 27. 27.]
	 RN : [29. 29. 28. 28. 28. 28. 28. 28. 28. 28. 28. 28. 28. 28. 28. 28. 28. 28.
 28. 28.]
	 Queue Understanding : deque([6, 7, 8, 9, 10, 11, 12, 13, 14, 15, 0, 16, 1, 17, 18, 19])
23:28: I'm 4 and want a token for the 29 time.
	 LN : [28. 28. 28. 28. 28. 27. 27. 27. 27. 27. 27. 27. 27. 27. 27. 27. 27. 27.
 27. 27.]
	 RN : [29. 29. 29. 29. 29. 28. 28. 28. 28. 28. 28. 28. 28. 28. 28. 28. 28. 28.
 28. 28.]
	 Queue Understanding : deque([6, 7, 8, 9, 10, 11, 12, 13, 14, 15, 0, 16, 1, 17, 18, 19])
24:35: I'm 4 and I got a token.
	 LN : [28. 28. 28. 28. 28. 27. 27. 27. 27. 27. 27. 27. 27. 27. 27. 27. 27. 27.
 27. 27.]
	 RN : [30. 30. 30. 29. 29. 29. 29. 29. 29. 29. 29. 29. 29. 29. 29. 29. 29. 29.
 29. 29.]
	 Queue Understanding : deque([6, 7, 8, 9, 10, 11, 12, 13, 14, 15, 0, 16, 1, 17, 18, 19])
24:35: I am 4 and execute 29 CS.
	 LN : [29. 29. 29. 29. 28. 28. 28. 28. 28. 28. 28. 28. 28. 28. 28. 28. 28. 28.
 28. 28.]
	 RN : [30. 30. 30. 29. 29. 29. 29. 29. 29. 29. 29. 29. 29. 29. 29. 29. 29. 29.
 29. 29.]
	 Queue Understanding : deque([5, 6, 7, 8, 9, 10, 11, 12, 13, 14, 15, 0, 16, 1, 17, 18])
24:40: I'm 4 and finished 29 CS.
	 LN : [29. 29. 29. 29. 28. 28. 28. 28. 28. 28. 28. 28. 28. 28. 28. 28. 28. 28.
 28. 28.]
	 RN : [30. 30. 30. 29. 29. 29. 29. 29. 29. 29. 29. 29. 29. 29. 29. 29. 29. 29.
 29. 29.]
	 Queue Understanding : deque([5, 6, 7, 8, 9, 10, 11, 12, 13, 14, 15, 0, 16, 1, 17, 18])
24:40: I'm 4 and it adds 2 to the queue. Queue after adding: deque([5, 6, 7, 8, 9, 10, 11, 12, 13, 14, 15, 0, 16, 1, 17, 18, 2]).
	 LN : [29. 29. 29. 29. 29. 28. 28. 28. 28. 28. 28. 28. 28. 28. 28. 28. 28. 28.
 28. 28.]
	 RN : [30. 30. 30. 29. 29. 29. 29. 29. 29. 29. 29. 29. 29. 29. 29. 29. 29. 29.
 29. 29.]
	 Queue Understanding : deque([5, 6, 7, 8, 9, 10, 11, 12, 13, 14, 15, 0, 16, 1, 17, 18, 2])
24:40: I'm 4 and it adds 19 to the queue. Queue after adding: deque([5, 6, 7, 8, 9, 10, 11, 12, 13, 14, 15, 0, 16, 1, 17, 18, 2, 19]).
	 LN : [29. 29. 29. 29. 29. 28. 28. 28. 28. 28. 28. 28. 28. 28. 28. 28. 28. 28.
 28. 28.]
	 RN : [30. 30. 30. 29. 29. 29. 29. 29. 29. 29. 29. 29. 29. 29. 29. 29. 29. 29.
 29. 29.]
	 Queue Understanding : deque([5, 6, 7, 8, 9, 10, 11, 12, 13, 14, 15, 0, 16, 1, 17, 18, 2, 19])
24:40: I'm 4 and sending the token to 5.
	 LN : [29. 29. 29. 29. 29. 28. 28. 28. 28. 28. 28. 28. 28. 28. 28. 28. 28. 28.
 28. 28.]
	 RN : [30. 30. 30. 29. 29. 29. 29. 29. 29. 29. 29. 29. 29. 29. 29. 29. 29. 29.
 29. 29.]
	 Queue Understanding : deque([6, 7, 8, 9, 10, 11, 12, 13, 14, 15, 0, 16, 1, 17, 18, 2, 19])
24:43: I'm 4 and want a token for the 30 time.
	 LN : [29. 29. 29. 29. 29. 28. 28. 28. 28. 28. 28. 28. 28. 28. 28. 28. 28. 28.
 28. 28.]
	 RN : [30. 30. 30. 30. 30. 29. 29. 29. 29. 29. 29. 29. 29. 29. 29. 29. 29. 29.
 29. 29.]
	 Queue Understanding : deque([6, 7, 8, 9, 10, 11, 12, 13, 14, 15, 0, 16, 1, 17, 18, 2, 19])
